1.225000
1.122000
1.007000
0.909000
0.819000
0.763000
0.660000
0.595349
0.526000
0.473235
0.414000
0.371403
0.333189
0.298907
0.268152
0.195000
0.172509
0.152612
0.135010
0.119439
0.088900
0.077966
0.068378
0.059968
0.052593
0.046124
0.040452
0.035477
0.031114
0.027287
0.018400
0.015998
0.013910
0.012095
0.010516
0.009144
0.007950
0.006912
0.006010
0.005226
0.004000
0.003467
0.003005
0.002604
0.002257
0.001956
0.001695
0.001469
0.001274
0.001104
0.001030
0.000894
0.000776
0.000673
0.000584
0.000507
0.000440
0.000382
0.000332
0.000288
0.000310
0.000270
0.000235
0.000205
0.000178
0.000155
0.000135
0.000118
0.000103
0.000089
0.000078
0.000068
0.000059
0.000051
0.000045
0.000039
0.000034
0.000030
0.000026
0.000022
0.000019
0.000016
0.000014
0.000012
0.000011
0.000009
0.000008
0.000007
0.000006
0.000005
0.000005
0.000004
0.000003
0.000003
0.000003
0.000002
0.000002
0.000002
0.000002
0.000001
0.000001
0.000000