0.000000
0.000000
0.500000
1.000000
1.500000
2.000000
2.500000
3.000000
4.000000
5.000000
6.000000
7.000000
8.000000
9.000000
10.500000
12.000000
13.500000
15.000000
16.500000
18.000000
20.000000
22.000000
24.000000
26.000000
28.000000
30.000000
32.500000
35.000000
37.500000
40.000000
42.500000
45.000000
48.000000
51.000000
54.000000
57.000000
60.000000
63.000000
66.500000
70.000000
73.500000
77.000000
80.500000
84.000000
87.500000
91.500000
95.500000
99.500000
103.500000
107.500000
111.500000
116.000000
120.500000
125.000000
129.500000
134.000000
138.500000
143.000000
147.500000
152.500000
157.500000
162.500000
167.500000
172.500000
177.500000
182.500000
188.000000
193.500000
199.000000
204.500000
210.000000
215.500000
221.000000
226.500000
232.500000
238.500000
244.500000
250.500000
256.500000
262.500000
268.500000
274.500000
280.500000
287.000000
293.500000
300.000000
306.500000
313.000000
319.500000
326.000000
332.500000
339.000000
345.500000
352.000000
359.000000
366.000000
373.000000
380.000000
387.000000
394.000000
401.000000
408.000000
415.000000
422.000000
429.000000
436.000000
443.500000
451.000000
458.500000
466.000000
473.500000
481.000000
488.500000
496.000000
503.500000
511.000000
518.500000
526.000000
533.500000
541.000000
549.000000
557.000000
565.000000
573.000000
581.000000
589.000000
597.000000
605.000000
613.000000
621.000000
629.000000
637.000000
645.000000
653.000000
661.000000
669.000000
677.000000
685.000000
693.500000
702.000000
710.500000
719.000000
727.500000
736.000000
744.500000
753.000000
761.500000
770.000000
778.500000
787.000000
795.500000
804.000000
812.500000
821.000000
829.500000
838.000000
846.500000
855.000000
863.500000
872.000000
880.500000
889.500000
898.500000
907.500000
916.500000
925.500000
934.500000
943.500000
952.500000
961.500000
970.500000
979.500000
988.500000
997.500000
1006.500000
1015.500000
1024.500000
1033.500000
1042.500000
1051.500000
1060.500000
1069.500000
1078.500000
1087.500000
1096.500000
1105.500000
1114.500000
1123.500000
1132.500000
1141.500000
1150.500000
1159.500000
1168.500000
1178.000000
1187.500000
1197.000000
1206.500000
1216.000000
1225.500000
1235.000000
1244.500000
1254.000000
1263.500000
1273.000000
1282.500000
1292.000000
1301.500000
1311.000000
1320.500000
1330.000000
1339.500000
1349.000000
1358.500000
1368.000000
1377.500000
1387.000000
1396.500000
1406.000000
1415.500000
1425.000000
1434.500000
1444.000000
1453.500000
1463.000000
1472.500000
1482.000000
1491.500000
1501.000000
1510.500000
1520.000000
1529.500000
1539.000000
1548.500000
1558.000000
1568.000000
1578.000000
1588.000000
1598.000000
1608.000000
1618.000000
1628.000000
1638.000000
1648.000000
1658.000000
1668.000000
1678.000000
1688.000000
1698.000000
1708.000000
1718.000000
1728.000000
1738.000000
1748.000000
1758.000000
1768.000000
1778.000000
1788.000000
1798.000000
1808.000000
1818.000000
1828.000000
1838.000000
1848.000000
1858.000000
1868.000000
1878.000000
1888.000000
1898.000000
1908.000000
1918.000000
1928.000000
1938.000000
1948.000000
1958.000000
1968.000000
1978.000000
1988.000000
1998.000000
2008.000000
2018.500000
2029.000000
2039.500000
2050.000000
2060.500000
2071.000000
2081.500000
2092.000000
2102.500000
2113.000000
2123.500000
2134.000000
2144.500000
2155.000000
2165.500000
2176.000000
2186.500000
2197.000000
2207.500000
2218.000000
2228.500000
2239.000000
2249.500000
2260.000000
2270.500000
2281.000000
2291.500000
2302.000000
2312.500000
2323.000000
2333.500000
2344.000000
2354.500000
2365.000000
2375.500000
2386.000000
2396.500000
2407.000000
2417.500000
2428.000000
2438.500000
2449.500000
2460.500000
2471.500000
2482.500000
2493.500000
2504.500000
2515.500000
2526.500000
2537.500000
2548.500000
2559.500000
2570.500000
2581.500000
2592.500000
2603.500000
2614.500000
2625.500000
2636.500000
2647.500000
2658.500000
2669.500000
2680.500000
2691.500000
2702.500000
2713.500000
2724.500000
2735.500000
2746.500000
2757.500000
2768.500000
2779.500000
2790.500000
2801.500000
2812.500000
2823.500000
2834.500000
2845.500000
2856.500000
2867.500000
2878.500000
2889.500000
2900.500000
2912.000000
2923.500000
2935.000000
2946.500000
2958.000000
2969.500000
2981.000000
2992.500000
3004.000000
3015.500000
3027.000000
3038.500000
3050.000000
3061.500000
3073.000000
3084.500000
3096.000000
3107.500000
3119.000000
3130.500000
3142.000000
3153.500000
3165.000000
3176.500000
3188.000000
3199.500000
3211.000000
3222.500000
3234.000000
3245.500000
3257.000000
3268.500000
3280.000000
3291.500000
3303.000000
3314.500000
3326.000000
3337.500000
3349.000000
3360.500000
3372.500000
3384.500000
3396.500000
3408.500000
3420.500000
3432.500000
3444.500000
3456.500000
3468.500000
3480.500000
3492.500000
3504.500000
3516.500000
3528.500000
3540.500000
3552.500000
3564.500000
3576.500000
3588.500000
3600.500000
3612.500000
3624.500000
3636.500000
3648.500000
3660.500000
3672.500000
3684.500000
3696.500000
3708.500000
3720.500000
3732.500000
3744.500000
3756.500000
3768.500000
3780.500000
3792.500000
3804.500000
3816.500000
3829.000000
3841.500000
3854.000000
3866.500000
3879.000000
3891.500000
3904.000000
3916.500000
3929.000000
3941.500000
3954.000000
3966.500000
3979.000000
3991.500000
4004.000000
4016.500000
4029.000000
4041.500000
4054.000000
4066.500000
4079.000000
4091.500000
4104.000000
4116.500000
4129.000000
4141.500000
4154.000000
4166.500000
4179.000000
4191.500000
4204.000000
4216.500000
4229.000000
4241.500000
4254.000000
4266.500000
4279.500000
4292.500000
4305.500000
4318.500000
4331.500000
4344.500000
4357.500000
4370.500000
4383.500000
4396.500000
4409.500000
4422.500000
4435.500000
4448.500000
4461.500000
4474.500000
4487.500000
4500.500000
4513.500000
4526.500000
4539.500000
4552.500000
4565.500000
4578.500000
4591.500000
4604.500000
4617.500000
4630.500000
4643.500000
4656.500000
4669.500000
4682.500000
4695.500000
4708.500000
4722.000000
4735.500000
4749.000000
4762.500000
4776.000000
4789.500000
4803.000000
4816.500000
4830.000000
4843.500000
4857.000000
4870.500000
4884.000000
4897.500000
4911.000000
4924.500000
4938.000000
4951.500000
4965.000000
4978.500000
4992.000000
5005.500000
5019.000000
5032.500000
5046.000000
5059.500000
5073.000000
5086.500000
5100.000000
5113.500000
5127.000000
5140.500000
5154.000000
5167.500000
5181.000000
5194.500000
5208.000000
5221.500000
5235.000000
5248.500000
5262.000000
5275.500000
5289.500000
5303.500000
5317.500000
5331.500000
5345.500000
5359.500000
5373.500000
5387.500000
5401.500000
5415.500000
5429.500000
5443.500000
5457.500000
5471.500000
5485.500000
5499.500000
5513.500000
5527.500000
5541.500000
5555.500000
5569.500000
5583.500000
5597.500000
5611.500000
5625.500000
5639.500000
5653.500000
5667.500000
5681.500000
5695.500000
5709.500000
5723.500000
5737.500000
5751.500000
5765.500000
5780.000000
5794.500000
5809.000000
5823.500000
5838.000000
5852.500000
5867.000000
5881.500000
5896.000000
5910.500000
5925.000000
5939.500000
5954.000000
5968.500000
5983.000000
5997.500000
6012.000000
6026.500000
6041.000000
6055.500000
6070.000000
6084.500000
6099.000000
6114.000000
6129.000000
6144.000000
6159.000000
6174.000000
6189.000000
6204.000000
6219.000000
6234.000000
6249.000000
6264.000000
6279.000000
6294.000000
6309.000000
6324.000000
6339.000000
6354.000000
6369.000000
6384.000000
6399.000000
6414.500000
6430.000000
6445.500000
6461.000000
6476.500000
6492.000000
6507.500000
6523.000000
6538.500000
6554.000000
6569.500000
6585.000000
6600.500000
6616.000000
6631.500000
6647.000000
6662.500000
6678.000000
6693.500000
6709.000000
6724.500000
6740.000000
6755.500000
6771.000000
6787.000000
6803.000000
6819.000000
6835.000000
6851.000000
6867.000000
6883.000000
6899.000000
6915.000000
6931.000000
6947.000000
6963.000000
6979.000000
6995.000000
7011.000000
7027.000000
7043.000000
7059.000000
7075.000000
7091.000000
7107.000000
7123.000000
7139.000000
7155.000000
7171.000000
7187.000000
7203.500000
7220.000000
7236.500000
7253.000000
7269.500000
7286.000000
7302.500000
7319.000000
7335.500000
7352.000000
7368.500000
7385.000000
7401.500000
7418.000000
7434.500000
7451.000000
7467.500000
7484.000000
7500.500000
7517.000000
7533.500000
7550.000000
7566.500000
7583.000000
7600.000000
7617.000000
7634.000000
7651.000000
7668.000000
7685.000000
7702.000000
7719.000000
7736.000000
7753.000000
7770.000000
7787.000000
7804.000000
7821.000000
7838.000000
7855.000000
7872.000000
7889.000000
7906.000000
7923.000000
7940.000000
7957.000000
7974.000000
7991.500000
8009.000000
8026.500000
8044.000000
8061.500000
8079.000000
8096.500000
8114.000000
8131.500000
8149.000000
8166.500000
8184.000000
8201.500000
8219.000000
8236.500000
8254.500000
8272.500000
8290.500000
8308.500000
8326.500000
8344.500000
8362.500000
8380.500000
8398.500000
8416.500000
8434.500000
8452.500000
8470.500000
8488.500000
8506.500000
8524.500000
8542.500000
8560.500000
8578.500000
8597.000000
8615.500000
8634.000000
8652.500000
8671.000000
8689.500000
8708.000000
8726.500000
8745.000000
8763.500000
8782.000000
8800.500000
8819.000000
8837.500000
8856.000000
8874.500000
8893.000000
8911.500000
8930.000000
8948.500000
8967.500000
8984.500000
8999.500000
9013.500000
9026.500000
9038.500000
9049.500000
9059.500000
9069.000000
9078.000000
9086.500000
9094.500000
9102.000000
9109.000000
9116.000000
9122.500000
9128.500000
9134.500000
9140.000000
9145.500000
9150.500000
9155.500000
9160.000000
9164.500000
9168.500000
9172.500000
9176.500000
9180.000000
9183.500000
9187.000000
9190.000000
9193.000000
9196.000000
9199.000000
9201.500000
9204.000000
9206.500000
9209.000000
9211.000000
9213.000000
9215.000000
9217.000000
9218.500000
9220.000000
9221.500000
9223.000000
9224.000000
9225.000000
9226.000000
9227.000000
9228.000000
9228.500000
9229.000000
9229.500000
9230.000000
9230.500000
9230.500000
9230.500000
9230.500000
9230.500000
9230.500000
9230.000000
9229.500000
9229.000000
9228.500000
9228.000000
9227.500000
9226.500000
9225.500000
9224.500000
9223.500000
9222.500000
9221.000000
9219.500000
9218.000000
9216.500000
9215.000000
9213.500000
9211.500000
9209.500000
9207.500000
9205.500000
9203.500000
9201.500000
9199.500000
9197.000000
9194.500000
9192.000000
9189.500000
9187.000000
9184.500000
9182.000000
9179.500000
9176.500000
9173.500000
9170.500000
9167.500000
9164.500000
9161.500000
9158.500000
9155.500000
9152.500000
9149.500000
9146.000000
9142.500000
9139.000000
9135.500000
9132.000000
9128.500000
9125.000000
9121.500000
9118.000000
9114.500000
9111.000000
9107.500000
9104.000000
9100.500000
9097.000000
9093.500000
9090.000000
9086.500000
9082.500000
9078.500000
9074.500000
9070.500000
9066.500000
9062.500000
9058.500000
9054.500000
9050.500000
9046.500000
9042.500000
9038.500000
9034.500000
9030.500000
9026.500000
9022.500000
9018.500000
9014.500000
9010.500000
9006.500000
9002.500000
8998.500000
8994.500000
8990.500000
8986.500000
8982.500000
8978.500000
8974.500000
8970.500000
8966.500000
8962.500000
8958.500000
8954.500000
8950.500000
8946.500000
8942.500000
8938.500000
8934.500000
8930.500000
8926.500000
8922.500000
8918.500000
8914.500000
8910.500000
8906.500000
8902.500000
8898.500000
8894.500000
8890.500000
8886.500000
8882.500000
8878.500000
8874.500000
8870.500000
8866.500000
8862.500000
8858.500000
8854.500000
8850.500000
8846.500000
8842.500000
8838.500000
8834.500000
8830.500000
8826.500000
8822.500000
8818.500000
8814.500000
8810.500000
8806.500000
8802.500000
8798.500000
8794.500000
8790.500000
8786.500000
8782.500000
8778.500000
8774.500000
8770.500000
8766.500000
8762.500000
8758.500000
8754.500000
8750.500000
8746.500000
8742.500000
8738.500000
8734.500000
8730.500000
8726.500000
8722.500000
8718.500000
8714.500000
8710.500000
8706.500000
8702.500000
8698.500000
8694.500000
8690.500000
8686.500000
8682.500000
8678.500000
8674.500000
8670.500000
8666.500000
8662.500000
8658.500000
8654.500000
8650.500000
8646.500000
8642.500000
8638.500000
8634.500000
8630.500000
8626.500000
8622.500000
8618.500000
8614.500000
8610.500000
8606.500000
8602.500000
8598.500000
8594.500000
8590.500000
8586.500000
8582.500000
8578.500000
8574.500000
8570.500000
8566.500000
8562.500000
8558.500000
8554.500000
8550.500000
8546.500000
8542.500000
8538.500000
8534.500000
8530.500000
8526.500000
8522.500000
8518.500000
8514.500000
8510.500000
8506.500000
8502.500000
8498.500000
8494.500000
8490.500000
8486.500000
8482.500000
8478.500000
8474.500000
8470.500000
8466.500000
8462.500000
8458.500000
8454.500000
8450.500000
8446.500000
8442.500000
8438.500000
8434.500000
8430.500000
8426.500000
8422.500000
8418.500000
8414.500000
8410.500000
8406.500000
8402.500000
8398.500000
8394.500000
8390.500000
8386.500000
8382.500000
8378.500000
8374.500000
8370.500000
8366.500000
8362.500000
8358.500000
8354.500000
8350.500000
8346.500000
8342.500000
8338.500000
8334.500000
8330.500000
8326.500000
8322.500000
8318.500000
8314.500000
8310.500000
8306.500000
8302.500000
8298.500000
8294.500000
8290.500000
8286.500000
8282.500000
8278.500000
8274.500000
8270.500000
8266.500000
8262.500000
8258.500000
8254.500000
8250.500000
8246.500000
8242.500000
8238.500000
8234.500000
8230.500000
8226.500000
8222.500000
8218.500000
8214.500000
8210.500000
8206.500000
8202.500000
8198.500000
8194.500000
8190.500000
8186.500000
8182.500000
8178.500000
8174.500000
8170.500000
8166.500000
8162.500000
8158.500000
8154.500000
8150.500000
8146.500000
8142.500000
8138.500000
8134.500000
8130.500000
8126.500000
8122.500000
8118.500000
8114.500000
8110.500000
8106.500000
8102.500000
8098.500000
8094.500000
8090.500000
8086.500000
8082.500000
8078.500000
8074.500000
8070.500000
8066.500000
8062.500000
8058.500000
8054.500000
8050.500000
8046.500000
8042.500000
8038.500000
8034.500000
8030.500000
8026.500000
8022.500000
8018.500000
8014.500000
8010.500000
8006.500000
8002.500000
7998.500000
7994.500000
7990.500000
7986.500000
7982.500000
7978.500000
7974.500000
7970.500000
7966.500000
7962.500000
7958.500000
7954.500000
7950.500000
7946.500000
7942.500000
7938.500000
7934.500000
7930.500000
7926.500000
7922.500000
7918.500000
7914.500000
7910.500000
7906.500000
7902.500000
7898.500000
7894.500000
7890.500000
7886.500000
7882.500000
7878.500000
7874.500000
7870.500000
7866.500000
7862.500000
7858.500000
7854.500000
7850.500000
7846.500000
7842.500000
7838.500000
7834.500000
7830.500000
7826.500000
7822.500000
7818.500000
7814.500000
7810.500000
7806.500000
7802.500000
7798.500000
7794.500000
7790.500000
7786.500000
7782.500000
7778.500000
7774.500000
7770.500000
7766.500000
7762.500000
7758.500000
7754.500000
7750.500000
7746.500000
7742.500000
7738.500000
7734.500000
7730.500000
7726.500000
7722.500000
7718.500000
7714.500000
7710.500000
7706.500000
7702.500000
7698.500000
7694.500000
7690.500000
7686.500000
7682.500000
7678.500000
7674.500000
7670.500000
7666.500000
7662.500000
7658.500000
7654.500000
7650.500000
7646.500000
7642.500000
7638.500000
7634.500000
7630.500000
7626.500000
7622.500000
7618.500000
7614.500000
7610.500000
7606.500000
7602.500000
7598.500000
7594.500000
7590.500000
7586.500000
7582.500000
7578.500000
7574.500000
7570.500000
7566.500000
7562.500000
7558.500000
7554.500000
7550.500000
7546.500000
7542.500000
7538.500000
7534.500000
7530.500000
7526.500000
7522.500000
7518.500000
7514.500000
7510.500000
7506.500000
7502.500000
7498.500000
7494.500000
7490.500000
7486.500000
7482.500000
7478.500000
7474.500000
7470.500000
7466.500000
7462.500000
7458.500000
7454.500000
7450.500000
7446.500000
7442.500000
7438.500000
7434.500000
7430.500000
7426.500000
7422.500000
7418.500000
7414.500000
7410.500000
7406.500000
7402.500000
7398.500000
7394.500000
7390.500000
7386.500000
7382.500000
7378.500000
7374.500000
7370.500000
7366.500000
7362.500000
7358.500000
7354.500000
7350.500000
7346.500000
7342.500000
7338.500000
7334.500000
7330.500000
7326.500000
7322.500000
7318.500000
7314.500000
7310.500000
7306.500000
7302.500000
7298.500000
7294.500000
7290.500000
7286.500000
7282.500000
7278.500000
7274.500000
7270.500000
7266.500000
7262.500000
7258.500000
7254.500000
7250.500000
7246.500000
7242.500000
7238.500000
7234.500000
7230.500000
7226.500000
7222.500000
7218.500000
7214.500000
7210.500000
7206.500000
7202.500000
7198.500000
7194.500000
7190.500000
7186.500000
7182.500000
7178.500000
7174.500000
7170.500000
7166.500000
7162.500000
7158.500000
7154.500000
7150.500000
7146.500000
7142.500000
7138.500000
7134.500000
7130.500000
7126.500000
7123.000000
7119.500000
7116.000000
7112.500000
7109.000000
7105.500000
7102.000000
7098.500000
7095.000000
7091.500000
7088.000000
7084.500000
7081.000000
7077.500000
7074.000000
7070.500000
7067.000000
7063.500000
7060.000000
7056.500000
7053.000000
7049.500000
7046.000000
7042.500000
7039.000000
7035.500000
7032.000000
7028.500000
7025.000000
7021.500000
7018.000000
7014.500000
7011.000000
7007.500000
7004.000000
7000.500000
6997.000000
6993.500000
6990.000000
6986.500000
6983.000000
6979.500000
6976.000000
6972.500000
6969.000000
6965.500000
6962.000000
6958.500000
6955.000000
6951.500000
6948.000000
6944.500000
6941.000000
6937.500000
6934.000000
6930.500000
6927.000000
6923.500000
6920.000000
6916.500000
6913.000000
6909.500000
6906.000000
6902.500000
6899.000000
6895.500000
6892.000000
6888.500000
6885.000000
6881.500000
6878.000000
6874.500000
6871.000000
6867.500000
6864.000000
6860.500000
6857.000000
6853.500000
6850.000000
6846.500000
6843.000000
6839.500000
6836.000000
6832.500000
6829.000000
6825.500000
6822.000000
6818.500000
6815.000000
6811.500000
6808.000000
6804.500000
6801.000000
6797.500000
6794.000000
6790.500000
6787.000000
6783.500000
6780.000000
6776.500000
6773.000000
6769.500000
6766.000000
6762.500000
6759.000000
6755.500000
6752.000000
6748.500000
6745.000000
6741.500000
6738.000000
6734.500000
6731.000000
6727.500000
6724.000000
6720.500000
6717.000000
6713.500000
6710.000000
6706.500000
6703.000000
6699.500000
6696.000000
6692.500000
6689.000000
6685.500000
6682.000000
6678.500000
6675.000000
6671.500000
6668.000000
6664.500000
6661.000000
6657.500000
6654.000000
6650.500000
6647.000000
6643.500000
6640.000000
6636.500000
6633.000000
6629.500000
6626.000000
6622.500000
6619.000000
6615.500000
6612.000000
6608.500000
6605.000000
6601.500000
6598.000000
6594.500000
6591.000000
6587.500000
6584.000000
6580.500000
6577.000000
6573.500000
6570.000000
6566.500000
6563.000000
6559.500000
6556.000000
6552.500000
6549.000000
6545.500000
6542.000000
6538.500000
6535.000000
6531.500000
6528.000000
6524.500000
6521.000000
6517.500000
6514.000000
6510.500000
6507.000000
6503.500000
6500.000000
6496.500000
6493.000000
6489.500000
6486.000000
6482.500000
6479.000000
6475.500000
6472.000000
6468.500000
6465.000000
6461.500000
6458.000000
6454.500000
6451.000000
6447.500000
6444.000000
6440.500000
6437.000000
6433.500000
6430.000000
6426.500000
6423.000000
6419.500000
6416.000000
6412.500000
6409.000000
6405.500000
6402.000000
6398.500000
6395.000000
6391.500000
6388.000000
6384.500000
6381.000000
6377.500000
6374.000000
6370.500000
6367.000000
6363.500000
6360.000000
6356.500000
6353.000000
6349.500000
6346.000000
6342.500000
6339.000000
6335.500000
6332.000000
6328.500000
6325.000000
6321.500000
6318.000000
6314.500000
6311.000000
6307.500000
6304.000000
6300.500000
6297.000000
6293.500000
6290.000000
6286.500000
6283.000000
6279.500000
6276.000000
6272.500000
6269.000000
6265.500000
6262.000000
6258.500000
6255.000000
6251.500000
6248.000000
6244.500000
6241.000000
6237.500000
6234.000000
6230.500000
6227.000000
6223.500000
6220.000000
6216.500000
6213.000000
6209.500000
6206.000000
6202.500000
6199.000000
6195.500000
6192.000000
6188.500000
6185.000000
6181.500000
6178.000000
6174.500000
6171.000000
6167.500000
6164.000000
6160.500000
6157.000000
6153.500000
6150.000000
6146.500000
6143.000000
6139.500000
6136.000000
6132.500000
6129.000000
6125.500000
6122.000000
6118.500000
6115.000000
6111.500000
6108.000000
6104.500000
6101.000000
6097.500000
6094.000000
6090.500000
6087.000000
6083.500000
6080.000000
6076.500000
6073.000000
6069.500000
6066.000000
6062.500000
6059.000000
6055.500000
6052.000000
6048.500000
6045.000000
6041.500000
6038.000000
6034.500000
6031.000000
6027.500000
6024.000000
6020.500000
6017.000000
6013.500000
6010.000000
6006.500000
6003.000000
5999.500000
5996.000000
5992.500000
5989.000000
5985.500000
5982.000000
5978.500000
5975.000000
5971.500000
5968.000000
5964.500000
5961.000000
5957.500000
5954.000000
5950.500000
5947.000000
5943.500000
5940.000000
5936.500000
5933.000000
5929.500000
5926.000000
5922.500000
5919.000000
5915.500000
5912.000000
5908.500000
5905.000000
5901.500000
5898.000000
5894.500000
5891.000000
5887.500000
5884.000000
5880.500000
5877.000000
5873.500000
5870.000000
5866.500000
5863.000000
5859.500000
5856.000000
5852.500000
5849.000000
5845.500000
5842.000000
5838.500000
5835.000000
5831.500000
5828.000000
5824.500000
5821.000000
5817.500000
5814.000000
5810.500000
5807.000000
5803.500000
5800.000000
5796.500000
5793.000000
5789.500000
5786.000000
5782.500000
5779.000000
5775.500000
5772.000000
5768.500000
5765.000000
5761.500000
5758.000000
5754.500000
5751.000000
5747.500000
5744.000000
5740.500000
5737.000000
5733.500000
5730.000000
5726.500000
5723.000000
5719.500000
5716.000000
5712.500000
5709.000000
5705.500000
5702.000000
5698.500000
5695.000000
5691.500000
5688.000000
5684.500000
5681.000000
5677.500000
5674.000000
5670.500000
5667.000000
5663.500000
5660.000000
5656.500000
5653.000000
5649.500000
5646.000000
5642.500000
5639.000000
5635.500000
5632.000000
5628.500000
5625.000000
5621.500000
5618.000000
5614.500000
5611.000000
5607.500000
5604.000000
5600.500000
5597.000000
5593.500000
5590.000000
5586.500000
5583.000000
5579.500000
5576.000000
5572.500000
5569.000000
5565.500000
5562.000000
5558.500000
5555.000000
5551.500000
5548.000000
5544.500000
5541.000000
5537.500000
5534.000000
5530.500000
5527.000000
5523.500000
5520.000000
5516.500000
5513.000000
5509.500000
5506.000000
5502.500000
5499.000000
5495.500000
5492.000000
5488.500000
5485.000000
5481.500000
5478.000000
5474.500000
5471.000000
5467.500000
5464.000000
5460.500000
5457.000000
5453.500000
5450.000000
5446.500000
5443.000000
5439.500000
5436.000000
5432.500000
5429.000000
5425.500000
5422.000000
5418.500000
5415.000000
5411.500000
5408.000000
5404.500000
5401.000000
5397.500000
5394.000000
5390.500000
5387.000000
5383.500000
5380.000000
5376.500000
5373.000000
5369.500000
5366.000000
5362.500000
5359.000000
5355.500000
5352.000000
5348.500000
5345.000000
5341.500000
5338.000000
5334.500000
5331.000000
5327.500000
5324.000000
5320.500000
5317.000000
5313.500000
5310.000000
5306.500000
5303.000000
5299.500000
5296.000000
5292.500000
5289.000000
5285.500000
5282.000000
5278.500000
5275.000000
5271.500000
5268.000000
5264.500000
5261.000000
5257.500000
5254.000000
5250.500000
5247.000000
5243.500000
5240.000000
5236.500000
5233.000000
5229.500000
5226.000000
5222.500000
5219.000000
5215.500000
5212.000000
5208.500000
5205.000000
5201.500000
5198.000000
5194.500000
5191.000000
5187.500000
5184.000000
5180.500000
5177.000000
5173.500000
5170.000000
5166.500000
5163.000000
5159.500000
5156.000000
5152.500000
5149.000000
5145.500000
5142.000000
5138.500000
5135.000000
5131.500000
5128.000000
5124.500000
5121.000000
5117.500000
5114.000000
5110.500000
5107.000000
5103.500000
5100.000000
5096.500000
5093.000000
5089.500000
5086.000000
5082.500000
5079.000000
5075.500000
5072.000000
5068.500000
5065.000000
5061.500000
5058.000000
5054.500000
5051.000000
5047.500000
5044.000000
5040.500000
5037.000000
5033.500000
5030.000000
5026.500000
5023.000000
5019.500000
5016.000000
5012.500000
5009.000000
5005.500000
5002.000000
4998.500000
4995.000000
4991.500000
4988.000000
4984.500000
4981.000000
4977.500000
4974.000000
4970.500000
4967.000000
4963.500000
4960.000000
4956.500000
4953.000000
4949.500000
4946.000000
4942.500000
4939.000000
4935.500000
4932.000000
4928.500000
4925.000000
4921.500000
4918.000000
4914.500000
4911.000000
4907.500000
4904.000000
4900.500000
4897.000000
4893.500000
4890.000000
4886.500000
4883.000000
4879.500000
4876.000000
4872.500000
4869.000000
4865.500000
4862.000000
4858.500000
4855.000000
4851.500000
4848.000000
4844.500000
4841.000000
4837.500000
4834.000000
4830.500000
4827.000000
4823.500000
4820.000000
4816.500000
4813.000000
4809.500000
4806.000000
4802.500000
4799.000000
4795.500000
4792.000000
4788.500000
4785.000000
4781.500000
4778.000000
4774.500000
4771.000000
4767.500000
4764.000000
4760.500000
4757.000000
4753.500000
4750.000000
4746.500000
4743.000000
4739.500000
4736.000000
4732.500000
4729.000000
4725.500000
4722.000000
4718.500000
4715.000000
4711.500000
4708.000000
4704.500000
4701.000000
4697.500000
4694.000000
4690.500000
4687.000000
4683.500000
4680.000000
4676.500000
4673.000000
4669.500000
4666.000000
4662.500000
4659.000000
4655.500000
4652.000000
4648.500000
4645.000000
4641.500000
4638.000000
4634.500000
4631.000000
4627.500000
4624.000000
4620.500000
4617.000000
4613.500000
4610.000000
4606.500000
4603.000000
4599.500000
4596.000000
4592.500000
4589.000000
4585.500000
4582.000000
4578.500000
4575.000000
4571.500000
4568.000000
4564.500000
4561.000000
4557.500000
4554.000000
4550.500000
4547.000000
4544.000000
4541.000000
4538.000000
4535.000000
4532.000000
4529.000000
4526.000000
4523.000000
4520.000000
4517.000000
4514.000000
4511.000000
4508.000000
4505.000000
4502.000000
4499.000000
4496.000000
4493.000000
4490.000000
4487.000000
4484.000000
4481.000000
4478.000000
4475.000000
4472.000000
4469.000000
4466.000000
4463.000000
4460.000000
4457.000000
4454.000000
4451.000000
4448.000000
4445.000000
4442.000000
4439.000000
4436.000000
4433.000000
4430.000000
4427.000000
4424.000000
4421.000000
4418.000000
4415.000000
4412.000000
4409.000000
4406.000000
4403.000000
4400.000000
4397.000000
4394.000000
4391.000000
4388.000000
4385.000000
4382.000000
4379.000000
4376.000000
4373.000000
4370.000000
4367.000000
4364.000000
4361.000000
4358.000000
4355.000000
4352.000000
4349.000000
4346.000000
4343.000000
4340.000000
4337.000000
4334.000000
4331.000000
4328.000000
4325.000000
4322.000000
4319.000000
4316.000000
4313.000000
4310.000000
4307.000000
4304.000000
4301.000000
4298.000000
4295.000000
4292.000000
4289.000000
4286.000000
4283.000000
4280.000000
4277.000000
4274.000000
4271.000000
4268.000000
4265.000000
4262.000000
4259.000000
4256.000000
4253.000000
4250.000000
4247.000000
4244.000000
4241.000000
4238.000000
4235.000000
4232.000000
4229.000000
4226.000000
4223.000000
4220.000000
4217.000000
4214.000000
4211.000000
4208.000000
4205.000000
4202.000000
4199.000000
4196.000000
4193.000000
4190.000000
4187.000000
4184.000000
4181.000000
4178.000000
4175.000000
4172.000000
4169.000000
4166.000000
4163.000000
4160.000000
4157.000000
4154.000000
4151.000000
4148.000000
4145.000000
4142.000000
4139.000000
4136.000000
4133.000000
4130.000000
4127.000000
4124.000000
4121.000000
4118.000000
4115.000000
4112.000000
4109.000000
4106.000000
4103.000000
4100.000000
4097.000000
4094.000000
4091.000000
4088.000000
4085.000000
4082.000000
4079.000000
4076.000000
4073.000000
4070.000000
4067.000000
4064.000000
4061.000000
4058.000000
4055.000000
4052.000000
4049.000000
4046.000000
4043.000000
4040.000000
4037.000000
4034.000000
4031.000000
4028.000000
4025.000000
4022.000000
4019.000000
4016.000000
4013.000000
4010.000000
4007.000000
4004.000000
4001.000000
3998.000000
3995.000000
3992.000000
3989.000000
3986.000000
3983.000000
3980.000000
3977.000000
3974.000000
3971.000000
3968.000000
3965.000000
3962.000000
3959.000000
3956.000000
3953.000000
3950.000000
3947.000000
3944.000000
3941.000000
3938.000000
3935.000000
3932.000000
3929.000000
3926.000000
3923.000000
3920.000000
3917.000000
3914.000000
3911.000000
3908.000000
3905.000000
3902.000000
3899.000000
3896.000000
3893.000000
3890.000000
3887.000000
3884.000000
3881.000000
3878.000000
3875.000000
3872.000000
3869.000000
3866.000000
3863.000000
3860.000000
3857.000000
3854.000000
3851.000000
3848.000000
3845.000000
3842.000000
3839.000000
3836.000000
3833.000000
3830.000000
3827.000000
3824.000000
3821.000000
3818.000000
3815.000000
3812.000000
3809.000000
3806.000000
3803.000000
3800.000000
3797.000000
3794.000000
3791.000000
3788.000000
3785.000000
3782.000000
3779.000000
3776.000000
3773.000000
3770.000000
3767.000000
3764.000000
3761.000000
3758.000000
3755.000000
3752.000000
3749.000000
3746.000000
3743.000000
3740.000000
3737.000000
3734.000000
3731.000000
3728.000000
3725.000000
3722.000000
3719.000000
3716.000000
3713.000000
3710.000000
3707.000000
3704.000000
3701.000000
3698.000000
3695.000000
3692.000000
3689.000000
3686.000000
3683.000000
3680.000000
3677.000000
3674.000000
3671.000000
3668.000000
3665.000000
3662.000000
3659.000000
3656.000000
3653.000000
3650.000000
3647.000000
3644.000000
3641.000000
3638.000000
3635.000000
3632.000000
3629.000000
3626.000000
3623.000000
3620.000000
3617.000000
3614.000000
3611.000000
3608.000000
3605.000000
3602.000000
3599.000000
3596.000000
3593.000000
3590.000000
3587.000000
3584.000000
3581.000000
3578.000000
3575.000000
3572.000000
3569.000000
3566.000000
3563.000000
3560.000000
3557.000000
3554.000000
3551.000000
3548.000000
3545.000000
3542.000000
3539.000000
3536.000000
3533.000000
3530.000000
3527.000000
3524.000000
3521.000000
3518.000000
3515.000000
3512.000000
3509.000000
3506.000000
3503.000000
3500.000000
3497.000000
3494.000000
3491.000000
3488.000000
3485.000000
3482.000000
3479.000000
3476.000000
3473.000000
3470.000000
3467.000000
3464.000000
3461.000000
3458.000000
3455.000000
3452.000000
3449.000000
3446.000000
3443.000000
3440.000000
3437.000000
3434.000000
3431.000000
3428.000000
3425.000000
3422.000000
3419.000000
3416.000000
3413.000000
3410.000000
3407.000000
3404.000000
3401.000000
3398.000000
3395.000000
3392.000000
3389.000000
3386.000000
3383.000000
3380.000000
3377.000000
3374.000000
3371.000000
3368.000000
3365.000000
3362.000000
3359.000000
3356.000000
3353.000000
3350.000000
3347.000000
3344.000000
3341.000000
3338.000000
3335.000000
3332.000000
3329.000000
3326.000000
3323.000000
3320.000000
3317.000000
3314.000000
3311.000000
3308.000000
3305.000000
3302.000000
3299.000000
3296.000000
3293.000000
3290.000000
3287.000000
3284.000000
3281.000000
3278.000000
3275.000000
3272.000000
3269.000000
3266.000000
3263.000000
3260.000000
3257.000000
3254.000000
3251.000000
3248.000000
3245.000000
3242.000000
3239.000000
3236.000000
3233.000000
3230.000000
3227.000000
3224.000000
3221.000000
3218.000000
3215.000000
3212.000000
3209.000000
3206.000000
3203.000000
3200.000000
3197.000000
3194.000000
3191.000000
3188.000000
3185.000000
3182.000000
3179.000000
3176.000000
3173.000000
3170.000000
3167.000000
3164.000000
3161.000000
3158.000000
3155.000000
3152.000000
3149.000000
3146.000000
3143.000000
3140.000000
3137.000000
3134.000000
3131.000000
3128.000000
3125.000000
3122.000000
3119.000000
3116.000000
3113.000000
3110.000000
3107.000000
3104.000000
3101.000000
3098.000000
3095.000000
3092.000000
3089.000000
3086.000000
3083.000000
3080.000000
3077.000000
3074.000000
3071.000000
3068.000000
3065.000000
3062.000000
3059.000000
3056.000000
3053.000000
3050.000000
3047.000000
3044.000000
3041.000000
3038.000000
3035.000000
3032.000000
3029.000000
3026.000000
3023.000000
3020.000000
3017.000000
3014.000000
3011.000000
3008.000000
3005.000000
3002.000000
2999.000000
2996.000000
2993.000000
2990.000000
2987.000000
2984.000000
2981.000000
2978.000000
2975.000000
2972.000000
2969.000000
2966.000000
2963.000000
2960.000000
2957.000000
2954.000000
2951.000000
2948.000000
2945.000000
2942.000000
2939.000000
2936.000000
2933.000000
2930.000000
2927.000000
2924.000000
2921.000000
2918.000000
2915.000000
2912.000000
2909.000000
2906.000000
2903.000000
2900.000000
2897.000000
2894.000000
2891.000000
2888.000000
2885.000000
2882.000000
2879.000000
2876.000000
2873.000000
2870.000000
2867.000000
2864.000000
2861.000000
2858.000000
2855.000000
2852.000000
2849.000000
2846.000000
2843.000000
2840.000000
2837.000000
2834.000000
2831.000000
2828.000000
2825.000000
2822.000000
2819.000000
2816.000000
2813.000000
2810.000000
2807.000000
2804.000000
2801.000000
2798.000000
2795.000000
2792.000000
2789.000000
2786.000000
2783.000000
2780.000000
2777.000000
2774.000000
2771.000000
2768.000000
2765.000000
2762.000000
2759.000000
2756.000000
2753.000000
2750.000000
2747.000000
2744.000000
2741.000000
2738.000000
2735.000000
2732.000000
2729.000000
2726.000000
2723.000000
2720.000000
2717.000000
2714.000000
2711.000000
2708.000000
2705.000000
2702.000000
2699.000000
2696.000000
2693.000000
2690.000000
2687.000000
2684.000000
2681.000000
2678.000000
2675.000000
2672.000000
2669.000000
2666.000000
2663.000000
2660.000000
2657.000000
2654.000000
2651.000000
2648.000000
2645.000000
2642.000000
2639.000000
2636.000000
2633.000000
2630.000000
2627.000000
2624.000000
2621.000000
2618.000000
2615.000000
2612.000000
2609.000000
2606.000000
2603.000000
2600.000000
2597.000000
2594.000000
2591.000000
2588.000000
2585.000000
2582.000000
2579.000000
2576.000000
2573.000000
2570.000000
2567.000000
2564.000000
2561.000000
2558.000000
2555.000000
2552.000000
2549.000000
2546.000000
2543.000000
2540.000000
2537.000000
2534.000000
2531.000000
2528.000000
2525.000000
2522.000000
2519.000000
2516.000000
2513.000000
2510.000000
2507.000000
2504.000000
2501.000000
2498.000000
2495.000000
2492.000000
2489.000000
2486.000000
2483.000000
2480.000000
2477.000000
2474.000000
2471.000000
2468.000000
2465.000000
2462.000000
2459.000000
2456.000000
2453.000000
2450.000000
2447.000000
2444.000000
2441.000000
2438.000000
2435.000000
2432.000000
2429.000000
2426.000000
2423.000000
2420.000000
2417.000000
2414.000000
2411.000000
2408.000000
2405.000000
2402.000000
2399.000000
2396.000000
2393.000000
2390.000000
2387.000000
2384.000000
2381.000000
2378.000000
2375.000000
2372.000000
2369.000000
2366.000000
2363.000000
2360.000000
2357.000000
2354.000000
2351.000000
2348.000000
2345.000000
2342.000000
2339.000000
2336.000000
2333.000000
2330.000000
2327.000000
2324.000000
2321.000000
2318.000000
2315.000000
2312.000000
2309.000000
2306.000000
2303.000000
2300.000000
2297.000000
2294.000000
2291.000000
2288.000000
2285.000000
2282.000000
2279.000000
2276.000000
2273.000000
2270.000000
2267.000000
2264.000000
2261.000000
2258.000000
2255.000000
2252.000000
2249.000000
2246.000000
2243.000000
2240.000000
2237.000000
2234.000000
2231.000000
2228.000000
2225.000000
2222.000000
2219.000000
2216.000000
2213.000000
2210.000000
2207.000000
2204.000000
2201.000000
2198.000000
2195.000000
2192.000000
2189.000000
2186.000000
2183.000000
2180.000000
2177.000000
2174.000000
2171.000000
2168.000000
2165.000000
2162.000000
2159.000000
2156.000000
2153.000000
2150.000000
2147.000000
2144.000000
2141.000000
2138.000000
2135.000000
2132.000000
2129.000000
2126.000000
2123.000000
2120.000000
2117.000000
2114.000000
2111.000000
2108.000000
2105.000000
2102.000000
2099.000000
2096.000000
2093.000000
2090.000000
2087.000000
2084.000000
2081.000000
2078.000000
2075.000000
2072.000000
2069.000000
2066.000000
2063.000000
2060.000000
2057.000000
2054.000000
2051.000000
2048.000000
2045.000000
2042.000000
2039.000000
2036.000000
2033.000000
2030.000000
2027.000000
2024.000000
2021.000000
2018.000000
2015.000000
2012.000000
2009.000000
2006.000000
2003.000000
2000.000000
1997.000000
1994.000000
1991.000000
1988.000000
1985.000000
1982.000000
1979.000000
1976.000000
1973.000000
1970.000000
1967.000000
1964.000000
1961.000000
1958.000000
1955.000000
1952.000000
1949.000000
1946.000000
1943.000000
1940.000000
1937.000000
1934.000000
1931.000000
1928.000000
1925.000000
1922.000000
1919.000000
1916.000000
1913.000000
1910.000000
1907.000000
1904.000000
1901.000000
1898.000000
1895.000000
1892.000000
1889.000000
1886.000000
1883.000000
1880.000000
1877.000000
1874.000000
1871.000000
1868.000000
1865.000000
1862.000000
1859.000000
1856.000000
1853.000000
1850.000000
1847.000000
1844.000000
1841.000000
1838.000000
1835.000000
1832.000000
1829.000000
1826.000000
1823.000000
1820.000000
1817.000000
1814.000000
1811.000000
1808.000000
1805.000000
1802.000000
1799.000000
1796.000000
1793.000000
1790.000000
1787.000000
1784.000000
1781.000000
1778.000000
1775.000000
1772.000000
1769.000000
1766.000000
1763.000000
1760.000000
1757.000000
1754.000000
1751.000000
1748.000000
1745.000000
1742.000000
1739.000000
1736.000000
1733.000000
1730.000000
1727.000000
1724.000000
1721.000000
1718.000000
1715.000000
1712.000000
1709.000000
1706.000000
1703.000000
1700.000000
1697.000000
1694.000000
1691.000000
1688.000000
1685.000000
1682.000000
1679.000000
1676.000000
1673.000000
1670.000000
1667.000000
1664.000000
1661.000000
1658.000000
1655.000000
1652.000000
1649.000000
1646.000000
1643.000000
1640.000000
1637.000000
1634.000000
1631.000000
1628.000000
1625.000000
1622.000000
1619.000000
1616.000000
1613.000000
1610.000000
1607.000000
1604.000000
1601.000000
1598.000000
1595.000000
1592.000000
1589.000000
1586.000000
1583.000000
1580.000000
1577.000000
1574.000000
1571.000000
1568.000000
1565.000000
1562.000000
1559.000000
1556.000000
1553.000000
1550.000000
1547.000000
1544.000000
1541.000000
1538.000000
1535.000000
1532.000000
1529.000000
1526.000000
1523.000000
1520.000000
1517.000000
1514.000000
1511.000000
1508.000000
1505.000000
1502.000000
1499.000000
1496.000000
1493.000000
1490.000000
1487.000000
1484.000000
1481.500000
1479.000000
1476.500000
1474.000000
1471.500000
1469.000000
1466.500000
1464.000000
1461.500000
1459.000000
1456.500000
1454.000000
1451.500000
1449.000000
1446.500000
1444.000000
1441.500000
1439.000000
1436.500000
1434.000000
1431.500000
1429.000000
1426.500000
1424.000000
1421.500000
1419.000000
1416.500000
1414.000000
1411.500000
1409.000000
1406.500000
1404.000000
1401.500000
1399.000000
1396.500000
1394.000000
1391.500000
1389.000000
1386.500000
1384.000000
1381.500000
1379.000000
1376.500000
1374.000000
1371.500000
1369.000000
1366.500000
1364.000000
1361.500000
1359.000000
1356.500000
1354.000000
1351.500000
1349.000000
1346.500000
1344.000000
1341.500000
1339.000000
1336.500000
1334.000000
1331.500000
1329.000000
1326.500000
1324.000000
1321.500000
1319.000000
1316.500000
1314.000000
1311.500000
1309.000000
1306.500000
1304.000000
1301.500000
1299.000000
1296.500000
1294.000000
1291.500000
1289.000000
1286.500000
1284.000000
1281.500000
1279.000000
1276.500000
1274.000000
1271.500000
1269.000000
1266.500000
1264.000000
1261.500000
1259.000000
1256.500000
1254.000000
1251.500000
1249.000000
1246.500000
1244.000000
1241.500000
1239.000000
1236.500000
1234.000000
1231.500000
1229.000000
1226.500000
1224.000000
1221.500000
1219.000000
1216.500000
1214.000000
1211.500000
1209.000000
1206.500000
1204.000000
1201.500000
1199.000000
1196.500000
1194.000000
1191.500000
1189.000000
1186.500000
1184.000000
1181.500000
1179.000000
1176.500000
1174.000000
1171.500000
1169.000000
1166.500000
1164.000000
1161.500000
1159.000000
1156.500000
1154.000000
1151.500000
1149.000000
1146.500000
1144.000000
1141.500000
1139.000000
1136.500000
1134.000000
1131.500000
1129.000000
1126.500000
1124.000000
1121.500000
1119.000000
1116.500000
1114.000000
1111.500000
1109.000000
1106.500000
1104.000000
1101.500000
1099.000000
1096.500000
1094.000000
1091.500000
1089.000000
1086.500000
1084.000000
1081.500000
1079.000000
1076.500000
1074.000000
1071.500000
1069.000000
1066.500000
1064.000000
1061.500000
1059.000000
1056.500000
1054.000000
1051.500000
1049.000000
1046.500000
1044.000000
1041.500000
1039.000000
1036.500000
1034.000000
1031.500000
1029.000000
1026.500000
1024.000000
1021.500000
1019.000000
1016.500000
1014.000000
1011.500000
1009.000000
1006.500000
1004.000000
1001.500000
999.000000
996.500000
994.000000
991.500000
989.000000
986.500000
984.000000
981.500000
979.000000
976.500000
974.000000
971.500000
969.000000
966.500000
964.000000
961.500000
959.000000
956.500000
954.000000
951.500000
949.000000
946.500000
944.000000
941.500000
939.000000
936.500000
934.000000
931.500000
929.000000
926.500000
924.000000
921.500000
919.000000
916.500000
914.000000
911.500000
909.000000
906.500000
904.000000
901.500000
899.000000
896.500000
894.000000
891.500000
889.000000
886.500000
884.000000
881.500000
879.000000
876.500000
874.000000
871.500000
869.000000
866.500000
864.000000
861.500000
859.000000
856.500000
854.000000
851.500000
849.000000
846.500000
844.000000
841.500000
839.000000
836.500000
834.000000
831.500000
829.000000
826.500000
824.000000
821.500000
819.000000
816.500000
814.000000
811.500000
809.000000
806.500000
804.000000
801.500000
799.000000
796.500000
794.000000
791.500000
789.000000
786.500000
784.000000
781.500000
779.000000
776.500000
774.000000
771.500000
769.000000
766.500000
764.000000
761.500000
759.000000
756.500000
754.000000
751.500000
749.000000
746.500000
744.000000
741.500000
739.000000
736.500000
734.000000
731.500000
729.000000
726.500000
724.000000
721.500000
719.000000
716.500000
714.000000
711.500000
709.000000
706.500000
704.000000
701.500000
699.000000
696.500000
694.000000
691.500000
689.000000
686.500000
684.000000
681.500000
679.000000
676.500000
674.000000
671.500000
669.000000
666.500000
664.000000
661.500000
659.000000
656.500000
654.000000
651.500000
649.000000
646.500000
644.000000
641.500000
639.000000
636.500000
634.000000
631.500000
629.000000
626.500000
624.000000
621.500000
619.000000
616.500000
614.000000
611.500000
609.000000
606.500000
604.000000
601.500000
599.000000
596.500000
594.000000
591.500000
589.000000
586.500000
584.000000
581.500000
579.000000
576.500000
574.000000
571.500000
569.000000
566.500000
564.000000
561.500000
559.000000
556.500000
554.000000
551.500000
549.000000
546.500000
544.000000
541.500000
539.000000
536.500000
534.000000
531.500000
529.000000
526.500000
524.000000
521.500000
519.000000
516.500000
514.000000
511.500000
509.000000
506.500000
504.000000
501.500000
499.000000
496.500000
494.000000
491.500000
489.000000
486.500000
484.000000
481.500000
479.000000
476.500000
474.000000
471.500000
469.000000
466.500000
464.000000
461.500000
459.000000
456.500000
454.000000
451.500000
449.000000
446.500000
444.000000
441.500000
439.000000
436.500000
434.000000
431.500000
429.000000
426.500000
424.000000
421.500000
419.000000
416.500000
414.000000
411.500000
409.000000
406.500000
404.000000
401.500000
399.000000
396.500000
394.000000
391.500000
389.000000
386.500000
384.000000
381.500000
379.000000
376.500000
374.000000
371.500000
369.000000
366.500000
364.000000
361.500000
359.000000
356.500000
354.000000
351.500000
349.000000
346.500000
344.000000
341.500000
339.000000
336.500000
334.000000
331.500000
329.000000
326.500000
324.000000
321.500000
319.000000
316.500000
314.000000
311.500000
309.000000
306.500000
304.000000
301.500000
299.000000
296.500000
294.000000
291.500000
289.000000
286.500000
284.000000
281.500000
279.000000
276.500000
274.000000
271.500000
269.000000
266.500000
264.000000
261.500000
259.000000
256.500000
254.000000
251.500000
249.000000
246.500000
244.000000
241.500000
239.000000
236.500000
234.000000
231.500000
229.000000
226.500000
224.000000
221.500000
219.000000
216.500000
214.000000
211.500000
209.000000
206.500000
204.000000
201.500000
199.000000
196.500000
194.000000
191.500000
189.000000
186.500000
184.000000
181.500000
179.000000
176.500000
174.000000
171.500000
169.000000
166.500000
164.000000
161.500000
159.000000
156.500000
154.000000
151.500000
149.000000
146.500000
144.000000
141.500000
139.000000
136.500000
134.000000
131.500000
129.000000
126.500000
124.000000
121.500000
119.000000
116.500000
114.000000
111.500000
109.000000
106.500000
104.000000
101.500000
99.000000
96.500000
94.000000
91.500000
89.000000
86.500000
84.000000
81.500000
79.000000
76.500000
74.000000
71.500000
69.000000
66.500000
64.000000
61.500000
59.000000
56.500000
54.000000
51.500000
49.000000
46.500000
44.000000
41.500000
39.000000
36.500000
34.000000
31.500000
29.000000
26.500000
24.000000
21.500000
19.000000
16.500000
14.000000
11.500000
9.000000
6.500000
4.000000
1.500000
