0.000000
0.000000
0.500000
1.000000
1.500000
2.000000
2.500000
3.000000
4.000000
5.000000
6.000000
7.000000
8.000000
9.000000
10.500000
12.000000
13.500000
15.000000
16.500000
18.000000
20.000000
22.000000
24.000000
26.000000
28.000000
30.000000
32.500000
35.000000
37.500000
40.000000
42.500000
45.500000
48.500000
51.500000
54.500000
57.500000
60.500000
64.000000
67.500000
71.000000
74.500000
78.000000
81.500000
85.500000
89.500000
93.500000
97.500000
101.500000
106.000000
110.500000
115.000000
119.500000
124.000000
128.500000
133.500000
138.500000
143.500000
148.500000
153.500000
159.000000
164.500000
170.000000
175.500000
181.000000
186.500000
192.500000
198.500000
204.500000
210.500000
216.500000
223.000000
229.500000
236.000000
242.500000
249.000000
255.500000
262.500000
269.500000
276.500000
283.500000
290.500000
297.500000
305.000000
312.500000
320.000000
327.500000
335.000000
343.000000
351.000000
359.000000
367.000000
375.000000
383.000000
391.500000
400.000000
408.500000
417.000000
425.500000
434.000000
443.000000
452.000000
461.000000
470.000000
479.000000
488.500000
498.000000
507.500000
517.000000
526.500000
536.000000
546.000000
556.000000
566.000000
576.000000
586.000000
596.000000
606.500000
617.000000
627.500000
638.000000
648.500000
659.000000
670.000000
681.000000
692.000000
703.000000
714.000000
725.000000
736.500000
748.000000
759.500000
771.000000
782.500000
794.000000
806.000000
818.000000
830.000000
842.000000
854.000000
866.000000
878.000000
890.500000
903.000000
915.500000
928.000000
940.500000
953.000000
966.000000
979.000000
992.000000
1005.000000
1018.000000
1031.000000
1044.000000
1057.500000
1071.000000
1084.500000
1098.000000
1111.500000
1125.000000
1139.000000
1153.000000
1167.000000
1181.000000
1195.000000
1209.000000
1223.000000
1237.500000
1252.000000
1266.500000
1281.000000
1295.500000
1310.000000
1324.500000
1339.500000
1354.500000
1369.500000
1384.500000
1399.500000
1414.500000
1429.500000
1444.500000
1460.000000
1475.500000
1491.000000
1506.500000
1522.000000
1537.500000
1553.000000
1569.000000
1585.000000
1601.000000
1617.000000
1633.000000
1649.000000
1665.000000
1681.000000
1697.500000
1714.000000
1730.500000
1747.000000
1763.500000
1780.000000
1796.500000
1813.000000
1830.000000
1847.000000
1864.000000
1881.000000
1898.000000
1915.000000
1932.000000
1949.000000
1966.500000
1984.000000
2001.500000
2019.000000
2036.500000
2054.000000
2071.500000
2089.000000
2107.000000
2125.000000
2143.000000
2161.000000
2179.000000
2197.000000
2215.000000
2233.000000
2251.500000
2270.000000
2288.500000
2307.000000
2325.500000
2344.000000
2362.500000
2381.000000
2399.500000
2418.500000
2437.500000
2456.500000
2475.500000
2494.500000
2513.500000
2532.500000
2551.500000
2570.500000
2590.000000
2609.500000
2629.000000
2648.500000
2668.000000
2687.500000
2707.000000
2726.500000
2746.000000
2766.000000
2786.000000
2806.000000
2826.000000
2846.000000
2866.000000
2886.000000
2906.000000
2926.000000
2946.500000
2967.000000
2987.500000
3008.000000
3028.500000
3049.000000
3069.500000
3090.000000
3110.500000
3131.500000
3152.500000
3173.500000
3194.500000
3215.500000
3236.500000
3257.500000
3278.500000
3299.500000
3320.500000
3342.000000
3363.500000
3385.000000
3406.500000
3428.000000
3449.500000
3471.000000
3492.500000
3514.000000
3536.000000
3558.000000
3580.000000
3602.000000
3624.000000
3646.000000
3668.000000
3690.000000
3712.000000
3734.000000
3756.500000
3779.000000
3801.500000
3824.000000
3846.500000
3869.000000
3891.500000
3914.000000
3936.500000
3959.000000
3982.000000
4005.000000
4028.000000
4051.000000
4074.000000
4097.000000
4120.000000
4143.000000
4166.000000
4189.000000
4212.500000
4236.000000
4259.500000
4283.000000
4306.500000
4330.000000
4353.500000
4377.000000
4400.500000
4424.000000
4448.000000
4472.000000
4496.000000
4520.000000
4544.000000
4568.000000
4592.000000
4616.000000
4640.000000
4664.500000
4689.000000
4713.500000
4738.000000
4762.500000
4787.000000
4811.500000
4836.000000
4860.500000
4885.000000
4910.000000
4935.000000
4960.000000
4985.000000
5010.000000
5035.000000
5060.000000
5085.000000
5110.000000
5135.000000
5160.500000
5186.000000
5211.500000
5237.000000
5262.500000
5288.000000
5313.500000
5339.000000
5364.500000
5390.000000
5415.500000
5441.500000
5467.500000
5493.500000
5519.500000
5545.500000
5571.500000
5597.500000
5623.500000
5649.500000
5675.500000
5702.000000
5728.500000
5755.000000
5781.500000
5808.000000
5834.500000
5861.000000
5887.500000
5914.000000
5940.500000
5967.500000
5994.500000
6021.500000
6048.500000
6075.500000
6102.500000
6129.500000
6156.500000
6183.500000
6211.000000
6238.500000
6266.000000
6293.500000
6321.000000
6348.500000
6376.000000
6403.500000
6431.000000
6459.000000
6487.000000
6515.000000
6543.000000
6571.000000
6599.000000
6627.000000
6655.000000
6683.500000
6712.000000
6740.500000
6769.000000
6797.500000
6826.000000
6854.500000
6883.000000
6912.000000
6941.000000
6970.000000
6999.000000
7028.000000
7057.000000
7086.000000
7115.000000
7144.500000
7174.000000
7203.500000
7233.000000
7262.500000
7292.000000
7321.500000
7351.000000
7381.000000
7411.000000
7441.000000
7471.000000
7501.000000
7531.000000
7561.000000
7591.000000
7621.500000
7652.000000
7682.500000
7713.000000
7743.500000
7774.000000
7804.500000
7835.000000
7866.000000
7897.000000
7928.000000
7959.000000
7990.000000
8021.000000
8052.000000
8083.500000
8115.000000
8146.500000
8178.000000
8209.500000
8241.000000
8272.500000
8304.500000
8336.500000
8368.500000
8400.500000
8432.500000
8464.500000
8496.500000
8529.000000
8561.500000
8594.000000
8626.500000
8659.000000
8691.500000
8724.000000
8757.000000
8790.000000
8823.000000
8856.000000
8889.000000
8922.000000
8955.000000
8988.500000
9022.000000
9055.500000
9089.000000
9122.500000
9156.000000
9190.000000
9224.000000
9258.000000
9292.000000
9326.000000
9360.000000
9394.500000
9429.000000
9463.500000
9498.000000
9532.500000
9567.000000
9601.500000
9636.500000
9671.500000
9706.500000
9741.500000
9776.500000
9811.500000
9847.000000
9882.500000
9918.000000
9953.500000
9989.000000
10024.500000
10060.500000
10096.500000
10132.500000
10168.500000
10204.500000
10241.000000
10277.500000
10314.000000
10350.500000
10387.000000
10423.500000
10460.500000
10497.500000
10534.500000
10571.500000
10608.500000
10646.000000
10683.500000
10721.000000
10758.500000
10796.000000
10834.000000
10872.000000
10910.000000
10948.000000
10986.000000
11024.500000
11063.000000
11101.500000
11140.000000
11178.500000
11217.500000
11256.500000
11295.500000
11334.500000
11373.500000
11413.000000
11452.500000
11492.000000
11531.500000
11571.000000
11611.000000
11651.000000
11691.000000
11731.000000
11771.000000
11811.500000
11852.000000
11892.500000
11933.000000
11974.000000
12015.000000
12056.000000
12097.000000
12138.000000
12179.500000
12221.000000
12262.500000
12304.000000
12345.500000
12387.500000
12429.500000
12471.500000
12513.500000
12556.000000
12598.500000
12641.000000
12683.500000
12726.500000
12769.500000
12812.500000
12855.500000
12898.500000
12942.000000
12985.500000
13029.000000
13072.500000
13116.500000
13160.500000
13204.500000
13248.500000
13293.000000
13337.500000
13382.000000
13426.500000
13471.500000
13516.500000
13561.500000
13606.500000
13652.000000
13697.500000
13743.000000
13788.500000
13834.500000
13880.500000
13926.500000
13972.500000
14019.000000
14065.500000
14112.000000
14159.000000
14206.000000
14253.000000
14300.000000
14347.500000
14395.000000
14442.500000
14490.000000
14538.000000
14586.000000
14634.000000
14682.500000
14731.000000
14779.500000
14828.000000
14877.000000
14926.000000
14975.000000
15024.500000
15074.000000
15124.000000
15174.000000
15224.500000
15275.000000
15326.000000
15377.000000
15428.000000
15479.500000
15531.000000
15583.000000
15635.000000
15687.500000
15740.000000
15793.000000
15846.000000
15899.500000
15953.000000
16007.000000
16061.000000
16115.500000
16170.000000
16225.000000
16280.000000
16335.500000
16391.000000
16447.000000
16503.000000
16559.500000
16616.000000
16673.000000
16730.000000
16787.500000
16845.000000
16903.000000
16961.000000
17019.500000
17078.500000
17137.500000
17197.000000
17256.500000
17316.500000
17376.500000
17437.000000
17497.500000
17558.500000
17619.500000
17681.000000
17742.500000
17804.500000
17867.000000
17929.500000
17992.500000
18055.500000
18119.000000
18182.500000
18246.500000
18311.000000
18375.500000
18440.500000
18505.500000
18571.000000
18637.000000
18703.000000
18769.500000
18836.000000
18903.000000
18970.500000
19038.000000
19106.000000
19174.000000
19242.500000
19311.500000
19380.500000
19450.000000
19520.000000
19590.000000
19660.500000
19731.500000
19802.500000
19874.000000
19946.000000
20018.000000
20090.500000
20163.500000
20237.000000
20311.000000
20385.500000
20460.500000
20536.000000
20612.000000
20688.500000
20765.500000
20843.000000
20921.000000
20999.500000
21078.500000
21158.000000
21238.000000
21318.500000
21399.500000
21481.000000
21563.000000
21645.500000
21728.500000
21812.000000
21896.000000
21980.500000
22065.500000
22151.500000
22238.000000
22325.000000
22412.500000
22500.500000
22589.000000
22678.000000
22768.000000
22858.500000
22949.500000
23041.000000
23133.000000
23226.000000
23319.500000
23413.500000
23508.000000
23603.500000
23699.500000
23796.000000
23893.500000
23991.500000
24090.000000
24189.500000
24289.500000
24390.500000
24492.000000
24594.500000
24697.500000
24801.000000
24903.500000
25005.000000
25105.000000
25204.000000
25302.000000
25399.000000
25495.000000
25590.000000
25684.000000
25777.000000
25869.000000
25960.000000
26050.000000
26139.500000
26228.000000
26316.000000
26403.000000
26489.500000
26575.000000
26660.000000
26744.000000
26827.500000
26910.000000
26992.000000
27073.500000
27154.500000
27234.500000
27314.000000
27393.000000
27471.500000
27549.500000
27627.000000
27704.000000
27780.500000
27856.500000
27931.500000
28006.000000
28080.500000
28154.500000
28228.000000
28301.000000
28373.500000
28445.500000
28517.000000
28588.000000
28658.500000
28728.500000
28798.500000
28868.000000
28937.000000
29005.500000
29073.500000
29141.500000
29209.000000
29276.000000
29342.500000
29409.000000
29475.000000
29540.500000
29606.000000
29671.000000
29735.500000
29800.000000
29864.000000
29927.500000
29991.000000
30054.000000
30117.000000
30179.500000
30241.500000
30303.500000
30365.000000
30426.500000
30487.500000
30548.500000
30609.500000
30670.000000
30730.500000
30790.500000
30850.500000
30910.000000
30969.500000
31028.500000
31087.500000
31146.000000
31204.500000
31263.000000
31321.000000
31379.000000
31436.500000
31494.000000
31551.000000
31608.000000
31665.000000
31721.500000
31778.000000
31834.000000
31890.000000
31946.000000
32001.500000
32057.000000
32112.000000
32167.000000
32222.000000
32276.500000
32331.000000
32385.500000
32439.500000
32493.500000
32547.000000
32600.500000
32654.000000
32707.000000
32760.000000
32813.000000
32865.500000
32918.000000
32970.500000
33022.500000
33074.500000
33126.500000
33178.000000
33229.500000
33281.000000
33332.000000
33383.000000
33434.000000
33484.500000
33535.000000
33585.500000
33635.500000
33685.500000
33735.500000
33785.000000
33834.500000
33884.000000
33933.000000
33982.000000
34031.000000
34079.500000
34128.000000
34176.500000
34225.000000
34273.000000
34321.000000
34369.000000
34416.500000
34464.000000
34511.500000
34558.500000
34605.500000
34652.500000
34699.500000
34746.000000
34792.500000
34839.000000
34885.000000
34931.000000
34977.000000
35023.000000
35068.500000
35114.000000
35159.500000
35204.500000
35249.500000
35294.500000
35339.500000
35384.000000
35428.500000
35473.000000
35517.500000
35561.500000
35605.500000
35649.500000
35693.000000
35736.500000
35780.000000
35823.500000
35866.500000
35909.500000
35952.500000
35995.500000
36038.000000
36080.500000
36123.000000
36165.500000
36207.500000
36249.500000
36291.500000
36333.500000
36375.000000
36416.500000
36458.000000
36499.500000
36540.500000
36581.500000
36622.500000
36663.500000
36704.000000
36744.500000
36785.000000
36825.500000
36865.500000
36905.500000
36945.500000
36985.500000
37025.000000
37064.500000
37104.000000
37143.500000
37182.500000
37221.500000
37260.500000
37299.500000
37338.000000
37376.500000
37415.000000
37453.500000
37491.500000
37529.500000
37567.500000
37605.500000
37643.000000
37680.500000
37718.000000
37755.500000
37793.000000
37830.000000
37867.000000
37904.000000
37941.000000
37977.500000
38014.000000
38050.500000
38087.000000
38123.000000
38159.000000
38195.000000
38231.000000
38267.000000
38302.500000
38338.000000
38373.500000
38409.000000
38444.000000
38479.000000
38514.000000
38549.000000
38584.000000
38618.500000
38653.000000
38687.500000
38722.000000
38756.000000
38790.000000
38824.000000
38858.000000
38892.000000
38925.500000
38959.000000
38992.500000
39026.000000
39059.000000
39092.000000
39125.000000
39158.000000
39191.000000
39223.500000
39256.000000
39288.500000
39321.000000
39353.000000
39385.000000
39417.000000
39449.000000
39481.000000
39512.500000
39544.000000
39575.500000
39607.000000
39638.500000
39669.500000
39700.500000
39731.500000
39762.500000
39793.000000
39823.500000
39854.000000
39884.500000
39915.000000
39945.000000
39975.000000
40005.000000
40035.000000
40065.000000
40094.500000
40124.000000
40153.500000
40183.000000
40212.000000
40241.000000
40270.000000
40299.000000
40328.000000
40356.500000
40385.000000
40413.500000
40442.000000
40470.500000
40498.500000
40526.500000
40554.500000
40582.500000
40610.500000
40638.000000
40665.500000
40693.000000
40720.500000
40748.000000
40775.000000
40802.000000
40829.000000
40856.000000
40883.000000
40909.500000
40936.000000
40962.500000
40989.000000
41015.000000
41041.000000
41067.000000
41093.000000
41119.000000
41144.500000
41170.000000
41195.500000
41221.000000
41246.500000
41271.500000
41296.500000
41321.500000
41346.500000
41371.500000
41396.000000
41420.500000
41445.000000
41469.500000
41494.000000
41518.000000
41542.000000
41566.000000
41590.000000
41614.000000
41637.500000
41661.000000
41684.500000
41708.000000
41731.500000
41754.500000
41777.500000
41800.500000
41823.500000
41846.500000
41869.000000
41891.500000
41914.000000
41936.500000
41959.000000
41981.000000
42003.000000
42025.000000
42047.000000
42069.000000
42090.500000
42112.000000
42133.500000
42155.000000
42176.500000
42197.500000
42218.500000
42239.500000
42260.500000
42281.500000
42302.000000
42322.500000
42343.000000
42363.500000
42384.000000
42404.000000
42424.000000
42444.000000
42464.000000
42484.000000
42503.500000
42523.000000
42542.500000
42562.000000
42581.500000
42600.500000
42619.500000
42638.500000
42657.500000
42676.500000
42695.000000
42713.500000
42732.000000
42750.500000
42769.000000
42787.000000
42805.000000
42823.000000
42841.000000
42859.000000
42876.500000
42894.000000
42911.500000
42929.000000
42946.500000
42963.500000
42980.500000
42997.500000
43014.500000
43031.500000
43048.000000
43064.500000
43081.000000
43097.500000
43114.000000
43130.000000
43146.000000
43162.000000
43178.000000
43194.000000
43209.500000
43225.000000
43240.500000
43256.000000
43271.500000
43287.000000
43302.000000
43317.000000
43332.000000
43347.000000
43362.000000
43376.500000
43391.000000
43405.500000
43420.000000
43434.500000
43448.500000
43462.500000
43476.500000
43490.500000
43504.500000
43518.000000
43531.500000
43545.000000
43558.500000
43572.000000
43585.000000
43598.000000
43611.000000
43624.000000
43637.000000
43649.500000
43662.000000
43674.500000
43687.000000
43699.500000
43711.500000
43723.500000
43735.500000
43747.500000
43759.500000
43771.000000
43782.500000
43794.000000
43805.500000
43817.000000
43828.000000
43839.000000
43850.000000
43861.000000
43872.000000
43883.000000
43893.500000
43904.000000
43914.500000
43925.000000
43935.500000
43945.500000
43955.500000
43965.500000
43975.500000
43985.500000
43995.000000
44004.500000
44014.000000
44023.500000
44033.000000
44042.000000
44051.000000
44060.000000
44069.000000
44078.000000
44086.500000
44095.000000
44103.500000
44112.000000
44120.500000
44128.500000
44136.500000
44144.500000
44152.500000
44160.500000
44168.000000
44175.500000
44183.000000
44190.500000
44198.000000
44205.500000
44212.500000
44219.500000
44226.500000
44233.500000
44240.500000
44247.000000
44253.500000
44260.000000
44266.500000
44273.000000
44279.000000
44285.000000
44291.000000
44297.000000
44303.000000
44308.500000
44314.000000
44319.500000
44325.000000
44330.500000
44335.500000
44340.500000
44345.500000
44350.500000
44355.500000
44360.000000
44364.500000
44369.000000
44373.500000
44378.000000
44382.000000
44386.000000
44390.000000
44394.000000
44398.000000
44402.000000
44405.500000
44409.000000
44412.500000
44416.000000
44419.500000
44422.500000
44425.500000
44428.500000
44431.500000
44434.500000
44437.000000
44439.500000
44442.000000
44444.500000
44447.000000
44449.000000
44451.000000
44453.000000
44455.000000
44457.000000
44458.500000
44460.000000
44461.500000
44463.000000
44464.500000
44465.500000
44466.500000
44467.500000
44468.500000
44469.500000
44470.500000
44471.000000
44471.500000
44472.000000
44472.500000
44473.000000
44473.000000
44473.000000
44473.000000
44473.000000
44473.000000
44472.500000
44472.000000
44471.500000
44471.000000
44470.500000
44469.500000
44468.500000
44467.500000
44466.500000
44465.500000
44464.000000
44462.500000
44461.000000
44459.500000
44458.000000
44456.000000
44454.000000
44452.000000
44450.000000
44448.000000
44446.000000
44443.500000
44441.000000
44438.500000
44436.000000
44433.500000
44430.500000
44427.500000
44424.500000
44421.500000
44418.500000
44415.000000
44411.500000
44408.000000
44404.500000
44401.000000
44397.000000
44393.000000
44389.000000
44385.000000
44381.000000
44376.500000
44372.000000
44367.500000
44363.000000
44358.500000
44353.500000
44348.500000
44343.500000
44338.500000
44333.500000
44328.500000
44323.000000
44317.500000
44312.000000
44306.500000
44301.000000
44295.000000
44289.000000
44283.000000
44277.000000
44271.000000
44264.500000
44258.000000
44251.500000
44245.000000
44238.500000
44231.500000
44224.500000
44217.500000
44210.500000
44203.500000
44196.000000
44188.500000
44181.000000
44173.500000
44166.000000
44158.000000
44150.000000
44142.000000
44134.000000
44126.000000
44118.000000
44109.500000
44101.000000
44092.500000
44084.000000
44075.500000
44066.500000
44057.500000
44048.500000
44039.500000
44030.500000
44021.000000
44011.500000
44002.000000
43992.500000
43983.000000
43973.000000
43963.000000
43953.000000
43943.000000
43933.000000
43922.500000
43912.000000
43901.500000
43891.000000
43880.500000
43870.000000
43859.000000
43848.000000
43837.000000
43826.000000
43815.000000
43803.500000
43792.000000
43780.500000
43769.000000
43757.500000
43745.500000
43733.500000
43721.500000
43709.500000
43697.500000
43685.000000
43672.500000
43660.000000
43647.500000
43635.000000
43622.000000
43609.000000
43596.000000
43583.000000
43570.000000
43557.000000
43543.500000
43530.000000
43516.500000
43503.000000
43489.500000
43475.500000
43461.500000
43447.500000
43433.500000
43419.500000
43405.000000
43390.500000
43376.000000
43361.500000
43347.000000
43332.000000
43317.000000
43302.000000
43287.000000
43272.000000
43256.500000
43241.000000
43225.500000
43210.000000
43194.500000
43179.000000
43163.000000
43147.000000
43131.000000
43115.000000
43099.000000
43082.500000
43066.000000
43049.500000
43033.000000
43016.500000
42999.500000
42982.500000
42965.500000
42948.500000
42931.500000
42914.000000
42896.500000
42879.000000
42861.500000
42844.000000
42826.500000
42808.500000
42790.500000
42772.500000
42754.500000
42736.500000
42718.000000
42699.500000
42681.000000
42662.500000
42644.000000
42625.000000
42606.000000
42587.000000
42568.000000
42549.000000
42530.000000
42510.500000
42491.000000
42471.500000
42452.000000
42432.500000
42412.500000
42392.500000
42372.500000
42352.500000
42332.500000
42312.000000
42291.500000
42271.000000
42250.500000
42230.000000
42209.000000
42188.000000
42167.000000
42146.000000
42125.000000
42104.000000
42082.500000
42061.000000
42039.500000
42018.000000
41996.500000
41974.500000
41952.500000
41930.500000
41908.500000
41886.500000
41864.000000
41841.500000
41819.000000
41796.500000
41774.000000
41751.500000
41728.500000
41705.500000
41682.500000
41659.500000
41636.500000
41613.000000
41589.500000
41566.000000
41542.500000
41519.000000
41495.500000
41471.500000
41447.500000
41423.500000
41399.500000
41375.500000
41351.000000
41326.500000
41302.000000
41277.500000
41253.000000
41228.000000
41203.000000
41178.000000
41153.000000
41128.000000
41103.000000
41077.500000
41052.000000
41026.500000
41001.000000
40975.500000
40949.500000
40923.500000
40897.500000
40871.500000
40845.500000
40819.500000
40793.000000
40766.500000
40740.000000
40713.500000
40687.000000
40660.000000
40633.000000
40606.000000
40579.000000
40552.000000
40525.000000
40497.500000
40470.000000
40442.500000
40415.000000
40387.500000
40359.500000
40331.500000
40303.500000
40275.500000
40247.500000
40219.500000
40191.000000
40162.500000
40134.000000
40105.500000
40077.000000
40048.000000
40019.000000
39990.000000
39961.000000
39932.000000
39903.000000
39873.500000
39844.000000
39814.500000
39785.000000
39755.500000
39726.000000
39696.000000
39666.000000
39636.000000
39606.000000
39576.000000
39545.500000
39515.000000
39484.500000
39454.000000
39423.500000
39393.000000
39362.000000
39331.000000
39300.000000
39269.000000
39238.000000
39207.000000
39175.500000
39144.000000
39112.500000
39081.000000
39049.500000
39018.000000
38986.000000
38954.000000
38922.000000
38890.000000
38858.000000
38826.000000
38793.500000
38761.000000
38728.500000
38696.000000
38663.500000
38631.000000
38598.000000
38565.000000
38532.000000
38499.000000
38466.000000
38433.000000
38399.500000
38366.000000
38332.500000
38299.000000
38265.500000
38232.000000
38198.000000
38164.000000
38130.000000
38096.000000
38062.000000
38028.000000
37993.500000
37959.000000
37924.500000
37890.000000
37855.500000
37821.000000
37786.000000
37751.000000
37716.000000
37681.000000
37646.000000
37611.000000
37575.500000
37540.000000
37504.500000
37469.000000
37433.500000
37398.000000
37362.500000
37326.500000
37290.500000
37254.500000
37218.500000
37182.500000
37146.500000
37110.000000
37073.500000
37037.000000
37000.500000
36964.000000
36927.500000
36891.000000
36854.000000
36817.000000
36780.000000
36743.000000
36706.000000
36669.000000
36631.500000
36594.000000
36556.500000
36519.000000
36481.500000
36444.000000
36406.500000
36368.500000
36330.500000
36292.500000
36254.500000
36216.500000
36178.500000
36140.500000
36102.000000
36063.500000
36025.000000
35986.500000
35948.000000
35909.500000
35871.000000
35832.000000
35793.000000
35754.000000
35715.000000
35676.000000
35637.000000
35598.000000
35559.000000
35519.500000
35480.000000
35440.500000
35401.000000
35361.500000
35322.000000
35282.500000
35242.500000
35202.500000
35162.500000
35122.500000
35082.500000
35042.500000
35002.500000
34962.500000
34922.000000
34881.500000
34841.000000
34800.500000
34760.000000
34719.500000
34679.000000
34638.500000
34597.500000
34556.500000
34515.500000
34474.500000
34433.500000
34392.500000
34351.500000
34310.500000
34269.000000
34227.500000
34186.000000
34144.500000
34103.000000
34061.500000
34020.000000
33978.500000
33937.000000
33895.000000
33853.000000
33811.000000
33769.000000
33727.000000
33685.000000
33643.000000
33601.000000
33559.000000
33517.000000
33474.500000
33432.000000
33389.500000
33347.000000
33304.500000
33262.000000
33219.500000
33177.000000
33134.500000
33092.000000
33049.000000
33006.000000
32963.000000
32920.000000
32877.000000
32834.000000
32791.000000
32748.000000
32705.000000
32662.000000
32619.000000
32575.500000
32532.000000
32488.500000
32445.000000
32401.500000
32358.000000
32314.500000
32271.000000
32227.500000
32184.000000
32140.500000
32097.000000
32053.000000
32009.000000
31965.000000
31921.000000
31877.000000
31833.000000
31789.000000
31745.000000
31701.000000
31657.000000
31613.000000
31569.000000
31525.000000
31481.000000
31437.000000
31392.500000
31348.000000
31303.500000
31259.000000
31214.500000
31170.000000
31125.500000
31081.000000
31036.500000
30992.000000
30947.500000
30903.000000
30858.500000
30814.000000
30769.500000
30725.000000
30680.500000
30636.000000
30591.500000
30547.000000
30502.000000
30457.000000
30412.000000
30367.000000
30322.000000
30277.000000
30232.000000
30187.000000
30142.000000
30097.000000
30052.000000
30007.000000
29962.000000
29917.000000
29872.000000
29827.000000
29782.000000
29737.000000
29692.000000
29647.000000
29602.000000
29557.000000
29512.000000
29467.000000
29422.500000
29378.000000
29333.500000
29289.000000
29244.500000
29200.000000
29155.500000
29111.000000
29066.500000
29022.000000
28977.500000
28933.000000
28888.500000
28844.000000
28799.500000
28755.000000
28710.500000
28666.000000
28621.500000
28577.000000
28533.000000
28489.000000
28445.000000
28401.000000
28357.000000
28313.000000
28269.000000
28225.000000
28181.000000
28137.000000
28093.000000
28049.000000
28005.000000
27961.000000
27917.500000
27874.000000
27830.500000
27787.000000
27743.500000
27700.000000
27656.500000
27613.000000
27569.500000
27526.000000
27482.500000
27439.000000
27396.000000
27353.000000
27310.000000
27267.000000
27224.000000
27181.000000
27138.000000
27095.000000
27052.000000
27009.000000
26966.500000
26924.000000
26881.500000
26839.000000
26796.500000
26754.000000
26711.500000
26669.000000
26626.500000
26584.000000
26542.000000
26500.000000
26458.000000
26416.000000
26374.000000
26332.000000
26290.000000
26248.000000
26206.500000
26165.000000
26123.500000
26082.000000
26040.500000
25999.000000
25957.500000
25916.000000
25874.500000
25833.500000
25792.500000
25751.500000
25710.500000
25669.500000
25628.500000
25587.500000
25546.500000
25506.000000
25465.500000
25425.000000
25384.500000
25344.000000
25303.500000
25263.000000
25223.000000
25183.000000
25143.000000
25103.000000
25063.000000
25023.000000
24983.000000
24943.500000
24904.000000
24864.500000
24825.000000
24785.500000
24746.000000
24706.500000
24667.500000
24628.500000
24589.500000
24550.500000
24511.500000
24472.500000
24433.500000
24395.000000
24356.500000
24318.000000
24279.500000
24241.000000
24202.500000
24164.000000
24126.000000
24088.000000
24050.000000
24012.000000
23974.000000
23936.000000
23898.000000
23860.500000
23823.000000
23785.500000
23748.000000
23710.500000
23673.000000
23636.000000
23599.000000
23562.000000
23525.000000
23488.000000
23451.000000
23414.000000
23377.500000
23341.000000
23304.500000
23268.000000
23231.500000
23195.000000
23159.000000
23123.000000
23087.000000
23051.000000
23015.000000
22979.000000
22943.500000
22908.000000
22872.500000
22837.000000
22801.500000
22766.000000
22730.500000
22695.500000
22660.500000
22625.500000
22590.500000
22555.500000
22520.500000
22486.000000
22451.500000
22417.000000
22382.500000
22348.000000
22313.500000
22279.500000
22245.500000
22211.500000
22177.500000
22143.500000
22109.500000
22075.500000
22042.000000
22008.500000
21975.000000
21941.500000
21908.000000
21874.500000
21841.500000
21808.500000
21775.500000
21742.500000
21709.500000
21676.500000
21643.500000
21611.000000
21578.500000
21546.000000
21513.500000
21481.000000
21448.500000
21416.500000
21384.500000
21352.500000
21320.500000
21288.500000
21256.500000
21225.000000
21193.500000
21162.000000
21130.500000
21099.000000
21067.500000
21036.000000
21005.000000
20974.000000
20943.000000
20912.000000
20881.000000
20850.000000
20819.000000
20788.500000
20758.000000
20727.500000
20697.000000
20666.500000
20636.000000
20606.000000
20576.000000
20546.000000
20516.000000
20486.000000
20456.000000
20426.000000
20396.500000
20367.000000
20337.500000
20308.000000
20278.500000
20249.000000
20219.500000
20190.500000
20161.500000
20132.500000
20103.500000
20074.500000
20045.500000
20016.500000
19988.000000
19959.500000
19931.000000
19902.500000
19874.000000
19846.000000
19818.000000
19790.000000
19762.000000
19734.000000
19706.500000
19679.000000
19651.500000
19624.000000
19596.500000
19569.000000
19542.000000
19515.000000
19488.000000
19461.000000
19434.000000
19407.500000
19381.000000
19354.500000
19328.000000
19301.500000
19275.000000
19249.000000
19223.000000
19197.000000
19171.000000
19145.000000
19119.000000
19093.500000
19068.000000
19042.500000
19017.000000
18991.500000
18966.000000
18941.000000
18916.000000
18891.000000
18866.000000
18841.000000
18816.000000
18791.000000
18766.500000
18742.000000
18717.500000
18693.000000
18668.500000
18644.000000
18619.500000
18595.500000
18571.500000
18547.500000
18523.500000
18499.500000
18475.500000
18451.500000
18428.000000
18404.500000
18381.000000
18357.500000
18334.000000
18310.500000
18287.000000
18264.000000
18241.000000
18218.000000
18195.000000
18172.000000
18149.000000
18126.000000
18103.000000
18080.500000
18058.000000
18035.500000
18013.000000
17990.500000
17968.000000
17945.500000
17923.000000
17900.500000
17878.500000
17856.500000
17834.500000
17812.500000
17790.500000
17768.500000
17746.500000
17724.500000
17702.500000
17681.000000
17659.500000
17638.000000
17616.500000
17595.000000
17573.500000
17552.000000
17530.500000
17509.000000
17488.000000
17467.000000
17446.000000
17425.000000
17404.000000
17383.000000
17362.000000
17341.000000
17320.000000
17299.000000
17278.500000
17258.000000
17237.500000
17217.000000
17196.500000
17176.000000
17155.500000
17135.000000
17114.500000
17094.000000
17073.500000
17053.500000
17033.500000
17013.500000
16993.500000
16973.500000
16953.500000
16933.500000
16913.500000
16893.500000
16873.500000
16853.500000
16833.500000
16814.000000
16794.500000
16775.000000
16755.500000
16736.000000
16716.500000
16697.000000
16677.500000
16658.000000
16638.500000
16619.000000
16599.500000
16580.500000
16561.500000
16542.500000
16523.500000
16504.500000
16485.500000
16466.500000
16447.500000
16428.500000
16409.500000
16390.500000
16371.500000
16352.500000
16333.500000
16315.000000
16296.500000
16278.000000
16259.500000
16241.000000
16222.500000
16204.000000
16185.500000
16167.000000
16148.500000
16130.000000
16111.500000
16093.000000
16074.500000
16056.500000
16038.500000
16020.500000
16002.500000
15984.500000
15966.500000
15948.500000
15930.500000
15912.500000
15894.500000
15876.500000
15858.500000
15840.500000
15822.500000
15804.500000
15786.500000
15769.000000
15751.500000
15734.000000
15716.500000
15699.000000
15681.500000
15664.000000
15646.500000
15629.000000
15611.500000
15594.000000
15576.500000
15559.000000
15541.500000
15524.000000
15506.500000
15489.000000
15472.000000
15455.000000
15438.000000
15421.000000
15404.000000
15387.000000
15370.000000
15353.000000
15336.000000
15319.000000
15302.000000
15285.000000
15268.000000
15251.000000
15234.000000
15217.000000
15200.000000
15183.000000
15166.000000
15149.500000
15133.000000
15116.500000
15100.000000
15083.500000
15067.000000
15050.500000
15034.000000
15017.500000
15001.000000
14984.500000
14968.000000
14951.500000
14935.000000
14918.500000
14902.500000
14886.500000
14870.500000
14854.500000
14838.500000
14822.500000
14806.500000
14790.500000
14774.500000
14758.500000
14742.500000
14727.000000
14711.500000
14696.000000
14680.500000
14665.000000
14649.500000
14634.000000
14618.500000
14603.000000
14587.500000
14572.000000
14556.500000
14541.500000
14526.500000
14511.500000
14496.500000
14481.500000
14466.500000
14451.500000
14436.500000
14421.500000
14406.500000
14391.500000
14376.500000
14361.500000
14346.500000
14331.500000
14317.000000
14302.500000
14288.000000
14273.500000
14259.000000
14244.500000
14230.000000
14215.500000
14201.000000
14186.500000
14172.000000
14157.500000
14143.000000
14128.500000
14114.000000
14099.500000
14085.000000
14071.000000
14057.000000
14043.000000
14029.000000
14015.000000
14001.000000
13987.000000
13973.000000
13959.000000
13945.000000
13931.000000
13917.000000
13903.000000
13889.000000
13875.000000
13861.000000
13847.000000
13833.000000
13819.000000
13805.000000
13791.000000
13777.500000
13764.000000
13750.500000
13737.000000
13723.500000
13710.000000
13696.500000
13683.000000
13669.500000
13656.000000
13642.500000
13629.000000
13615.500000
13602.000000
13588.500000
13575.000000
13561.500000
13548.000000
13534.500000
13521.000000
13507.500000
13494.000000
13480.500000
13467.000000
13453.500000
13440.500000
13427.500000
13414.500000
13401.500000
13388.500000
13375.500000
13362.500000
13349.500000
13336.500000
13323.500000
13310.500000
13297.500000
13284.500000
13271.500000
13258.500000
13245.500000
13232.500000
13219.500000
13206.500000
13193.500000
13180.500000
13167.500000
13154.500000
13141.500000
13128.500000
13115.500000
13102.500000
13089.500000
13076.500000
13063.500000
13050.500000
13037.500000
13025.000000
13012.500000
13000.000000
12987.500000
12975.000000
12962.500000
12950.000000
12937.500000
12925.000000
12912.500000
12900.000000
12887.500000
12875.000000
12862.500000
12850.000000
12837.500000
12825.000000
12812.500000
12800.000000
12787.500000
12775.000000
12762.500000
12750.000000
12737.500000
12725.000000
12712.500000
12700.000000
12687.500000
12675.000000
12662.500000
12650.000000
12637.500000
12625.000000
12612.500000
12600.000000
12587.500000
12575.000000
12562.500000
12550.000000
12537.500000
12525.000000
12513.000000
12501.000000
12489.000000
12477.000000
12465.000000
12453.000000
12441.000000
12429.000000
12417.000000
12405.000000
12393.000000
12381.000000
12369.000000
12357.000000
12345.000000
12333.000000
12321.000000
12309.000000
12297.000000
12285.000000
12273.000000
12261.000000
12249.000000
12237.000000
12225.000000
12213.000000
12201.000000
12189.000000
12177.000000
12165.000000
12153.000000
12141.000000
12129.000000
12117.000000
12105.000000
12093.000000
12081.000000
12069.000000
12057.000000
12045.000000
12033.000000
12021.000000
12009.000000
11997.000000
11985.000000
11973.000000
11961.000000
11949.000000
11937.000000
11925.500000
11914.000000
11902.500000
11891.000000
11879.500000
11868.000000
11856.500000
11845.000000
11833.500000
11822.000000
11810.500000
11799.000000
11787.500000
11776.000000
11764.500000
11753.000000
11741.500000
11730.000000
11718.500000
11707.000000
11695.500000
11684.000000
11672.500000
11661.000000
11649.500000
11638.000000
11626.500000
11615.000000
11603.500000
11592.000000
11580.500000
11569.000000
11557.500000
11546.000000
11534.500000
11523.000000
11511.500000
11500.000000
11488.500000
11477.000000
11465.500000
11454.000000
11442.500000
11431.000000
11419.500000
11408.000000
11396.500000
11385.000000
11373.500000
11362.000000
11350.500000
11339.000000
11327.500000
11316.000000
11304.500000
11293.000000
11281.500000
11270.000000
11258.500000
11247.000000
11236.000000
11225.000000
11214.000000
11203.000000
11192.000000
11181.000000
11170.000000
11159.000000
11148.000000
11137.000000
11126.000000
11115.000000
11104.000000
11093.000000
11082.000000
11071.000000
11060.000000
11049.000000
11038.000000
11027.000000
11016.000000
11005.000000
10994.000000
10983.000000
10972.000000
10961.000000
10950.000000
10939.000000
10928.000000
10917.000000
10906.000000
10895.000000
10884.000000
10873.000000
10862.000000
10851.000000
10840.000000
10829.000000
10818.000000
10807.000000
10796.000000
10785.000000
10774.000000
10763.000000
10752.000000
10741.000000
10730.000000
10719.000000
10708.000000
10697.000000
10686.000000
10675.000000
10664.000000
10653.000000
10642.000000
10631.000000
10620.000000
10609.000000
10598.000000
10587.000000
10576.000000
10565.000000
10554.000000
10543.000000
10532.000000
10521.000000
10510.000000
10499.000000
10488.500000
10478.000000
10467.500000
10457.000000
10446.500000
10436.000000
10425.500000
10415.000000
10404.500000
10394.000000
10383.500000
10373.000000
10362.500000
10352.000000
10341.500000
10331.000000
10320.500000
10310.000000
10299.500000
10289.000000
10278.500000
10268.000000
10257.500000
10247.000000
10236.500000
10226.000000
10215.500000
10205.000000
10194.500000
10184.000000
10173.500000
10163.000000
10152.500000
10142.000000
10131.500000
10121.000000
10110.500000
10100.000000
10089.500000
10079.000000
10068.500000
10058.000000
10047.500000
10037.000000
10026.500000
10016.000000
10005.500000
9995.000000
9984.500000
9974.000000
9963.500000
9953.000000
9942.500000
9932.000000
9921.500000
9911.000000
9900.500000
9890.000000
9879.500000
9869.000000
9858.500000
9848.000000
9837.500000
9827.000000
9816.500000
9806.000000
9795.500000
9785.000000
9774.500000
9764.500000
9754.500000
9744.500000
9734.500000
9724.500000
9714.500000
9704.500000
9694.500000
9684.500000
9674.500000
9664.500000
9654.500000
9644.500000
9634.500000
9624.500000
9614.500000
9604.500000
9594.500000
9584.500000
9574.500000
9564.500000
9554.500000
9544.500000
9534.500000
9524.500000
9514.500000
9504.500000
9494.500000
9484.500000
9474.500000
9464.500000
9454.500000
9444.500000
9434.500000
9424.500000
9414.500000
9404.500000
9394.500000
9384.500000
9374.500000
9364.500000
9354.500000
9344.500000
9334.500000
9324.500000
9314.500000
9304.500000
9294.500000
9284.500000
9274.500000
9264.500000
9254.500000
9244.500000
9234.500000
9224.500000
9214.500000
9204.500000
9194.500000
9184.500000
9174.500000
9164.500000
9154.500000
9144.500000
9134.500000
9124.500000
9114.500000
9104.500000
9094.500000
9084.500000
9074.500000
9064.500000
9054.500000
9044.500000
9034.500000
9025.000000
9015.500000
9006.000000
8996.500000
8987.000000
8977.500000
8968.000000
8958.500000
8949.000000
8939.500000
8930.000000
8920.500000
8911.000000
8901.500000
8892.000000
8882.500000
8873.000000
8863.500000
8854.000000
8844.500000
8835.000000
8825.500000
8816.000000
8806.500000
8797.000000
8787.500000
8778.000000
8768.500000
8759.000000
8749.500000
8740.000000
8730.500000
8721.000000
8711.500000
8702.000000
8692.500000
8683.000000
8673.500000
8664.000000
8654.500000
8645.000000
8635.500000
8626.000000
8616.500000
8607.000000
8597.500000
8588.000000
8578.500000
8569.000000
8559.500000
8550.000000
8540.500000
8531.000000
8521.500000
8512.000000
8502.500000
8493.000000
8483.500000
8474.000000
8464.500000
8455.000000
8445.500000
8436.000000
8426.500000
8417.000000
8407.500000
8398.000000
8388.500000
8379.000000
8369.500000
8360.000000
8350.500000
8341.000000
8331.500000
8322.000000
8312.500000
8303.000000
8293.500000
8284.000000
8274.500000
8265.000000
8255.500000
8246.000000
8236.500000
8227.000000
8217.500000
8208.000000
8198.500000
8189.000000
8179.500000
8170.000000
8160.500000
8151.000000
8141.500000
8132.500000
8123.500000
8114.500000
8105.500000
8096.500000
8087.500000
8078.500000
8069.500000
8060.500000
8051.500000
8042.500000
8033.500000
8024.500000
8015.500000
8006.500000
7997.500000
7988.500000
7979.500000
7970.500000
7961.500000
7952.500000
7943.500000
7934.500000
7925.500000
7916.500000
7907.500000
7898.500000
7889.500000
7880.500000
7871.500000
7862.500000
7853.500000
7844.500000
7835.500000
7826.500000
7817.500000
7808.500000
7799.500000
7790.500000
7781.500000
7772.500000
7763.500000
7754.500000
7745.500000
7736.500000
7727.500000
7718.500000
7709.500000
7700.500000
7691.500000
7682.500000
7673.500000
7664.500000
7655.500000
7646.500000
7637.500000
7628.500000
7619.500000
7610.500000
7601.500000
7592.500000
7583.500000
7574.500000
7565.500000
7556.500000
7547.500000
7538.500000
7529.500000
7520.500000
7511.500000
7502.500000
7493.500000
7484.500000
7475.500000
7466.500000
7457.500000
7448.500000
7439.500000
7430.500000
7421.500000
7412.500000
7403.500000
7394.500000
7385.500000
7376.500000
7367.500000
7358.500000
7349.500000
7340.500000
7331.500000
7322.500000
7313.500000
7304.500000
7296.000000
7287.500000
7279.000000
7270.500000
7262.000000
7253.500000
7245.000000
7236.500000
7228.000000
7219.500000
7211.000000
7202.500000
7194.000000
7185.500000
7177.000000
7168.500000
7160.000000
7151.500000
7143.000000
7134.500000
7126.000000
7117.500000
7109.000000
7100.500000
7092.000000
7083.500000
7075.000000
7066.500000
7058.000000
7049.500000
7041.000000
7032.500000
7024.000000
7015.500000
7007.000000
6998.500000
6990.000000
6981.500000
6973.000000
6964.500000
6956.000000
6947.500000
6939.000000
6930.500000
6922.000000
6913.500000
6905.000000
6896.500000
6888.000000
6879.500000
6871.000000
6862.500000
6854.000000
6845.500000
6837.000000
6828.500000
6820.000000
6811.500000
6803.000000
6794.500000
6786.000000
6777.500000
6769.000000
6760.500000
6752.000000
6743.500000
6735.000000
6726.500000
6718.000000
6709.500000
6701.000000
6692.500000
6684.000000
6675.500000
6667.000000
6658.500000
6650.000000
6641.500000
6633.000000
6624.500000
6616.000000
6607.500000
6599.000000
6590.500000
6582.000000
6573.500000
6565.000000
6556.500000
6548.000000
6539.500000
6531.000000
6522.500000
6514.000000
6505.500000
6497.000000
6488.500000
6480.000000
6471.500000
6463.000000
6454.500000
6446.000000
6437.500000
6429.000000
6420.500000
6412.000000
6403.500000
6395.000000
6386.500000
6378.000000
6369.500000
6361.000000
6352.500000
6344.000000
6335.500000
6327.000000
6318.500000
6310.000000
6301.500000
6293.000000
6284.500000
6276.000000
6267.500000
6259.000000
6250.500000
6242.500000
6234.500000
6226.500000
6218.500000
6210.500000
6202.500000
6194.500000
6186.500000
6178.500000
6170.500000
6162.500000
6154.500000
6146.500000
6138.500000
6130.500000
6122.500000
6114.500000
6106.500000
6098.500000
6090.500000
6082.500000
6074.500000
6066.500000
6058.500000
6050.500000
6042.500000
6034.500000
6026.500000
6018.500000
6010.500000
6002.500000
5994.500000
5986.500000
5978.500000
5970.500000
5962.500000
5954.500000
5946.500000
5938.500000
5930.500000
5922.500000
5914.500000
5906.500000
5898.500000
5890.500000
5882.500000
5874.500000
5866.500000
5858.500000
5850.500000
5842.500000
5834.500000
5826.500000
5818.500000
5810.500000
5802.500000
5794.500000
5786.500000
5778.500000
5770.500000
5762.500000
5754.500000
5746.500000
5738.500000
5730.500000
5722.500000
5714.500000
5706.500000
5698.500000
5690.500000
5682.500000
5674.500000
5666.500000
5658.500000
5650.500000
5642.500000
5634.500000
5626.500000
5618.500000
5610.500000
5602.500000
5594.500000
5586.500000
5578.500000
5570.500000
5562.500000
5554.500000
5546.500000
5538.500000
5530.500000
5522.500000
5514.500000
5506.500000
5498.500000
5490.500000
5482.500000
5474.500000
5466.500000
5458.500000
5450.500000
5442.500000
5435.000000
5427.500000
5420.000000
5412.500000
5405.000000
5397.500000
5390.000000
5382.500000
5375.000000
5367.500000
5360.000000
5352.500000
5345.000000
5337.500000
5330.000000
5322.500000
5315.000000
5307.500000
5300.000000
5292.500000
5285.000000
5277.500000
5270.000000
5262.500000
5255.000000
5247.500000
5240.000000
5232.500000
5225.000000
5217.500000
5210.000000
5202.500000
5195.000000
5187.500000
5180.000000
5172.500000
5165.000000
5157.500000
5150.000000
5142.500000
5135.000000
5127.500000
5120.000000
5112.500000
5105.000000
5097.500000
5090.000000
5082.500000
5075.000000
5067.500000
5060.000000
5052.500000
5045.000000
5037.500000
5030.000000
5022.500000
5015.000000
5007.500000
5000.000000
4992.500000
4985.000000
4977.500000
4970.000000
4962.500000
4955.000000
4947.500000
4940.000000
4932.500000
4925.000000
4917.500000
4910.000000
4902.500000
4895.000000
4887.500000
4880.000000
4872.500000
4865.000000
4857.500000
4850.000000
4842.500000
4835.000000
4827.500000
4820.000000
4812.500000
4805.000000
4797.500000
4790.000000
4782.500000
4775.000000
4767.500000
4760.000000
4752.500000
4745.000000
4737.500000
4730.000000
4722.500000
4715.000000
4707.500000
4700.000000
4692.500000
4685.000000
4677.500000
4670.000000
4662.500000
4655.000000
4647.500000
4640.000000
4632.500000
4625.000000
4617.500000
4610.000000
4602.500000
4595.000000
4587.500000
4580.000000
4572.500000
4565.000000
4557.500000
4550.000000
4542.500000
4535.000000
4527.500000
4520.000000
4512.500000
4505.000000
4497.500000
4490.000000
4482.500000
4475.000000
4467.500000
4460.000000
4452.500000
4445.000000
4437.500000
4430.000000
4422.500000
4415.000000
4407.500000
4400.000000
4392.500000
4385.000000
4377.500000
4370.000000
4362.500000
4355.000000
4347.500000
4340.000000
4332.500000
4325.000000
4317.500000
4310.000000
4302.500000
4295.000000
4287.500000
4280.000000
4272.500000
4265.000000
4257.500000
4250.000000
4242.500000
4235.000000
4227.500000
4220.000000
4212.500000
4205.000000
4197.500000
4190.000000
4182.500000
4175.000000
4167.500000
4160.000000
4152.500000
4145.000000
4137.500000
4130.000000
4122.500000
4115.000000
4107.500000
4100.000000
4092.500000
4085.000000
4077.500000
4070.000000
4062.500000
4055.000000
4047.500000
4040.000000
4032.500000
4025.000000
4017.500000
4010.000000
4002.500000
3995.000000
3987.500000
3980.000000
3972.500000
3965.000000
3958.000000
3951.000000
3944.000000
3937.000000
3930.000000
3923.000000
3916.000000
3909.000000
3902.000000
3895.000000
3888.000000
3881.000000
3874.000000
3867.000000
3860.000000
3853.000000
3846.000000
3839.000000
3832.000000
3825.000000
3818.000000
3811.000000
3804.000000
3797.000000
3790.000000
3783.000000
3776.000000
3769.000000
3762.000000
3755.000000
3748.000000
3741.000000
3734.000000
3727.000000
3720.000000
3713.000000
3706.000000
3699.000000
3692.000000
3685.000000
3678.000000
3671.000000
3664.000000
3657.000000
3650.000000
3643.000000
3636.000000
3629.000000
3622.000000
3615.000000
3608.000000
3601.000000
3594.000000
3587.000000
3580.000000
3573.000000
3566.000000
3559.000000
3552.000000
3545.000000
3538.000000
3531.000000
3524.000000
3517.000000
3510.000000
3503.000000
3496.000000
3489.000000
3482.000000
3475.000000
3468.000000
3461.000000
3454.000000
3447.000000
3440.000000
3433.000000
3426.000000
3419.000000
3412.000000
3405.000000
3398.000000
3391.000000
3384.000000
3377.000000
3370.000000
3363.000000
3356.000000
3349.000000
3342.000000
3335.000000
3328.000000
3321.000000
3314.000000
3307.000000
3300.000000
3293.000000
3286.000000
3279.000000
3272.000000
3265.000000
3258.000000
3251.000000
3244.000000
3237.000000
3230.000000
3223.000000
3216.000000
3209.000000
3202.000000
3195.000000
3188.000000
3181.000000
3174.000000
3167.000000
3160.000000
3153.000000
3146.000000
3139.000000
3132.000000
3125.000000
3118.000000
3111.000000
3104.000000
3097.000000
3090.000000
3083.000000
3076.000000
3069.000000
3062.000000
3055.000000
3048.000000
3041.000000
3034.000000
3027.000000
3020.000000
3013.000000
3006.000000
2999.000000
2992.000000
2985.000000
2978.000000
2971.000000
2964.000000
2957.000000
2950.000000
2943.000000
2936.000000
2929.000000
2922.000000
2915.000000
2908.000000
2901.000000
2894.000000
2887.000000
2880.000000
2873.000000
2866.000000
2859.000000
2852.000000
2845.000000
2838.000000
2831.000000
2824.000000
2817.000000
2810.000000
2803.000000
2796.000000
2789.000000
2782.000000
2775.000000
2768.000000
2761.000000
2754.000000
2747.000000
2740.000000
2733.000000
2726.000000
2719.000000
2712.000000
2705.000000
2698.000000
2691.000000
2684.000000
2677.000000
2670.000000
2663.000000
2656.000000
2649.000000
2642.500000
2636.000000
2629.500000
2623.000000
2616.500000
2610.000000
2603.500000
2597.000000
2590.500000
2584.000000
2577.500000
2571.000000
2564.500000
2558.000000
2551.500000
2545.000000
2538.500000
2532.000000
2525.500000
2519.000000
2512.500000
2506.000000
2499.500000
2493.000000
2486.500000
2480.000000
2473.500000
2467.000000
2460.500000
2454.000000
2447.500000
2441.000000
2434.500000
2428.000000
2421.500000
2415.000000
2408.500000
2402.000000
2395.500000
2389.000000
2382.500000
2376.000000
2369.500000
2363.000000
2356.500000
2350.000000
2343.500000
2337.000000
2330.500000
2324.000000
2317.500000
2311.000000
2304.500000
2298.000000
2291.500000
2285.000000
2278.500000
2272.000000
2265.500000
2259.000000
2252.500000
2246.000000
2239.500000
2233.000000
2226.500000
2220.000000
2213.500000
2207.000000
2200.500000
2194.000000
2187.500000
2181.000000
2174.500000
2168.000000
2161.500000
2155.000000
2148.500000
2142.000000
2135.500000
2129.000000
2122.500000
2116.000000
2109.500000
2103.000000
2096.500000
2090.000000
2083.500000
2077.000000
2070.500000
2064.000000
2057.500000
2051.000000
2044.500000
2038.000000
2031.500000
2025.000000
2018.500000
2012.000000
2005.500000
1999.000000
1992.500000
1986.000000
1979.500000
1973.000000
1966.500000
1960.000000
1953.500000
1947.000000
1940.500000
1934.000000
1927.500000
1921.000000
1914.500000
1908.000000
1901.500000
1895.000000
1888.500000
1882.000000
1875.500000
1869.000000
1862.500000
1856.000000
1849.500000
1843.000000
1836.500000
1830.000000
1823.500000
1817.000000
1810.500000
1804.000000
1797.500000
1791.000000
1784.500000
1778.000000
1771.500000
1765.000000
1758.500000
1752.000000
1745.500000
1739.000000
1732.500000
1726.000000
1719.500000
1713.000000
1706.500000
1700.000000
1693.500000
1687.000000
1680.500000
1674.000000
1667.500000
1661.000000
1654.500000
1648.000000
1641.500000
1635.000000
1628.500000
1622.000000
1615.500000
1609.000000
1602.500000
1596.000000
1589.500000
1583.000000
1576.500000
1570.000000
1563.500000
1557.000000
1550.500000
1544.000000
1537.500000
1531.000000
1524.500000
1518.000000
1511.500000
1505.000000
1498.500000
1492.000000
1485.500000
1479.000000
1472.500000
1466.000000
1459.500000
1453.000000
1446.500000
1440.000000
1433.500000
1427.000000
1420.500000
1414.000000
1407.500000
1401.000000
1394.500000
1388.000000
1381.500000
1375.000000
1368.500000
1362.000000
1355.500000
1349.000000
1342.500000
1336.000000
1329.500000
1323.000000
1316.500000
1310.000000
1303.500000
1297.000000
1290.500000
1284.000000
1277.500000
1271.000000
1264.500000
1258.000000
1251.500000
1245.500000
1239.500000
1233.500000
1227.500000
1221.500000
1215.500000
1209.500000
1203.500000
1197.500000
1191.500000
1185.500000
1179.500000
1173.500000
1167.500000
1161.500000
1155.500000
1149.500000
1143.500000
1137.500000
1131.500000
1125.500000
1119.500000
1113.500000
1107.500000
1101.500000
1095.500000
1089.500000
1083.500000
1077.500000
1071.500000
1065.500000
1059.500000
1053.500000
1047.500000
1041.500000
1035.500000
1029.500000
1023.500000
1017.500000
1011.500000
1005.500000
999.500000
993.500000
987.500000
981.500000
975.500000
969.500000
963.500000
957.500000
951.500000
945.500000
939.500000
933.500000
927.500000
921.500000
915.500000
909.500000
903.500000
897.500000
891.500000
885.500000
879.500000
873.500000
867.500000
861.500000
855.500000
849.500000
843.500000
837.500000
831.500000
825.500000
819.500000
813.500000
807.500000
801.500000
795.500000
789.500000
783.500000
777.500000
771.500000
765.500000
759.500000
753.500000
747.500000
741.500000
735.500000
729.500000
723.500000
717.500000
711.500000
705.500000
699.500000
693.500000
687.500000
681.500000
675.500000
669.500000
663.500000
657.500000
651.500000
645.500000
639.500000
633.500000
627.500000
621.500000
615.500000
609.500000
603.500000
597.500000
591.500000
585.500000
579.500000
573.500000
567.500000
561.500000
555.500000
549.500000
543.500000
537.500000
531.500000
525.500000
519.500000
513.500000
507.500000
501.500000
495.500000
489.500000
483.500000
477.500000
471.500000
465.500000
459.500000
453.500000
447.500000
441.500000
435.500000
429.500000
423.500000
417.500000
411.500000
405.500000
399.500000
393.500000
387.500000
381.500000
375.500000
369.500000
363.500000
357.500000
351.500000
345.500000
339.500000
333.500000
327.500000
321.500000
315.500000
309.500000
303.500000
297.500000
291.500000
285.500000
279.500000
273.500000
267.500000
261.500000
255.500000
249.500000
243.500000
237.500000
231.500000
225.500000
219.500000
213.500000
207.500000
201.500000
195.500000
189.500000
183.500000
177.500000
171.500000
165.500000
159.500000
153.500000
147.500000
141.500000
135.500000
129.500000
123.500000
117.500000
111.500000
105.500000
99.500000
93.500000
87.500000
81.500000
75.500000
69.500000
63.500000
57.500000
51.500000
45.500000
39.500000
33.500000
27.500000
21.500000
15.500000
9.500000
3.500000
