0.000000
0.000000
0.500000
1.000000
1.500000
2.000000
2.500000
3.000000
4.000000
5.000000
6.000000
7.000000
8.000000
9.000000
10.000000
11.500000
13.000000
14.500000
16.000000
17.500000
19.000000
20.500000
22.500000
24.500000
26.500000
28.500000
30.500000
32.500000
34.500000
36.500000
39.000000
41.500000
44.000000
46.500000
49.000000
51.500000
54.000000
56.500000
59.000000
61.500000
64.500000
67.500000
70.500000
73.500000
76.500000
79.500000
82.500000
85.500000
88.500000
91.500000
94.500000
97.500000
100.500000
103.500000
106.500000
109.500000
112.500000
115.500000
119.000000
122.500000
126.000000
129.500000
133.000000
136.500000
140.000000
143.500000
147.000000
150.500000
154.000000
157.500000
161.000000
164.500000
168.000000
171.500000
175.000000
178.500000
182.000000
185.500000
189.000000
192.500000
196.000000
199.500000
203.000000
206.500000
210.000000
213.500000
217.000000
220.500000
224.000000
227.500000
231.000000
234.500000
238.000000
241.500000
245.000000
248.500000
252.000000
255.500000
259.000000
262.500000
266.000000
269.500000
273.000000
276.500000
280.000000
283.500000
287.000000
290.500000
294.000000
297.500000
301.000000
304.500000
308.000000
311.500000
315.000000
318.500000
322.000000
325.500000
329.000000
332.500000
336.000000
339.500000
343.000000
346.500000
350.000000
353.500000
357.000000
361.000000
365.000000
369.000000
373.000000
377.000000
381.000000
385.000000
389.000000
393.000000
397.000000
401.000000
405.000000
409.000000
413.000000
417.000000
421.000000
425.000000
429.000000
433.000000
437.000000
441.000000
445.000000
449.000000
453.000000
457.000000
461.000000
465.000000
469.000000
473.000000
477.000000
481.000000
485.000000
489.000000
493.000000
497.000000
501.000000
505.000000
509.000000
513.000000
517.000000
521.000000
525.000000
529.000000
533.000000
537.000000
541.000000
545.000000
549.000000
553.000000
557.000000
561.000000
565.000000
569.000000
573.000000
577.000000
581.000000
585.000000
589.000000
593.000000
597.000000
601.000000
605.000000
609.000000
613.000000
617.000000
621.000000
625.000000
629.000000
633.000000
637.000000
641.000000
645.000000
649.000000
653.000000
657.000000
661.000000
665.000000
669.000000
673.000000
677.000000
681.000000
685.000000
689.000000
693.000000
697.000000
701.000000
705.000000
709.000000
713.000000
717.000000
721.000000
725.000000
729.000000
733.000000
737.000000
741.000000
745.000000
749.000000
753.000000
757.000000
761.000000
765.000000
769.000000
773.000000
777.000000
781.000000
785.000000
789.000000
793.000000
797.000000
801.000000
805.000000
809.000000
813.000000
817.000000
821.000000
825.000000
829.000000
833.000000
837.000000
841.000000
845.000000
849.000000
853.000000
857.000000
861.000000
865.000000
869.000000
873.000000
877.000000
881.000000
885.000000
889.000000
893.000000
897.000000
901.000000
905.000000
909.000000
913.000000
917.000000
921.000000
925.000000
929.000000
933.000000
937.000000
941.000000
945.000000
949.000000
953.000000
957.000000
961.000000
965.000000
969.000000
973.000000
977.000000
981.000000
985.000000
989.000000
993.000000
997.000000
1001.000000
1005.000000
1009.000000
1013.000000
1017.000000
1021.000000
1025.000000
1029.000000
1033.000000
1037.000000
1041.000000
1045.000000
1049.000000
1053.500000
1058.000000
1062.500000
1067.000000
1071.500000
1076.000000
1080.500000
1085.000000
1089.500000
1094.000000
1098.500000
1103.000000
1107.500000
1112.000000
1116.500000
1121.000000
1125.500000
1130.000000
1134.500000
1139.000000
1143.500000
1148.000000
1152.500000
1157.000000
1161.500000
1166.000000
1170.500000
1175.000000
1179.500000
1184.000000
1188.500000
1193.000000
1197.500000
1202.000000
1206.500000
1211.000000
1215.500000
1220.000000
1224.500000
1229.000000
1233.500000
1238.000000
1242.500000
1247.000000
1251.500000
1256.000000
1260.500000
1265.000000
1269.500000
1274.000000
1278.500000
1283.000000
1287.500000
1292.000000
1296.500000
1301.000000
1305.500000
1310.000000
1314.500000
1319.000000
1323.500000
1328.000000
1332.500000
1337.000000
1341.500000
1346.000000
1350.500000
1355.000000
1359.500000
1364.000000
1368.500000
1373.000000
1377.500000
1382.000000
1386.500000
1391.000000
1395.500000
1400.000000
1404.500000
1409.000000
1413.500000
1418.000000
1422.500000
1427.000000
1431.500000
1436.000000
1440.500000
1445.000000
1449.500000
1454.000000
1458.500000
1463.000000
1467.500000
1472.000000
1476.500000
1481.000000
1485.500000
1490.000000
1494.500000
1499.000000
1503.500000
1508.000000
1512.500000
1517.000000
1521.500000
1526.000000
1530.500000
1535.000000
1539.500000
1544.000000
1548.500000
1553.000000
1557.500000
1562.000000
1566.500000
1571.000000
1575.500000
1580.000000
1584.500000
1589.000000
1593.500000
1598.000000
1602.500000
1607.000000
1611.500000
1616.000000
1620.500000
1625.000000
1629.500000
1634.000000
1638.500000
1643.000000
1647.500000
1652.000000
1656.500000
1661.000000
1665.500000
1670.000000
1674.500000
1679.000000
1683.500000
1688.000000
1692.500000
1697.000000
1701.500000
1706.000000
1710.500000
1715.000000
1719.500000
1724.000000
1728.500000
1733.000000
1737.500000
1742.000000
1746.500000
1751.000000
1755.500000
1760.000000
1764.500000
1769.000000
1773.500000
1778.000000
1782.500000
1787.000000
1791.500000
1796.000000
1800.500000
1805.500000
1810.500000
1815.500000
1820.500000
1825.500000
1830.500000
1835.500000
1840.500000
1845.500000
1850.500000
1855.500000
1860.500000
1865.500000
1870.500000
1875.500000
1880.500000
1885.500000
1890.500000
1895.500000
1900.500000
1905.500000
1910.500000
1915.500000
1920.500000
1925.500000
1930.500000
1935.500000
1940.500000
1945.500000
1950.500000
1955.500000
1960.500000
1965.500000
1970.500000
1975.500000
1980.500000
1985.500000
1990.500000
1995.500000
2000.500000
2005.500000
2010.500000
2015.500000
2020.500000
2025.500000
2030.500000
2035.500000
2040.500000
2045.500000
2050.500000
2055.500000
2060.500000
2065.500000
2070.500000
2075.500000
2080.500000
2085.500000
2090.500000
2095.500000
2100.500000
2105.500000
2110.500000
2115.500000
2120.500000
2125.500000
2130.500000
2135.500000
2140.500000
2145.500000
2150.500000
2155.500000
2160.500000
2165.500000
2170.500000
2175.500000
2180.500000
2185.500000
2190.500000
2195.500000
2200.500000
2205.500000
2210.500000
2215.500000
2220.500000
2225.500000
2230.500000
2235.500000
2240.500000
2245.500000
2250.500000
2255.500000
2260.500000
2265.500000
2270.500000
2275.500000
2280.500000
2285.500000
2290.500000
2295.500000
2300.500000
2305.500000
2310.500000
2315.500000
2320.500000
2325.500000
2330.500000
2335.500000
2340.500000
2345.500000
2350.500000
2355.500000
2360.500000
2365.500000
2370.500000
2375.500000
2380.500000
2385.500000
2390.500000
2395.500000
2400.500000
2405.500000
2410.500000
2415.500000
2420.500000
2425.500000
2430.500000
2435.500000
2440.500000
2445.500000
2450.500000
2455.500000
2460.500000
2465.500000
2470.500000
2475.500000
2480.500000
2485.500000
2490.500000
2495.500000
2500.500000
2505.500000
2510.500000
2515.500000
2520.500000
2525.500000
2530.500000
2535.500000
2540.500000
2545.500000
2551.000000
2556.500000
2562.000000
2567.500000
2573.000000
2578.500000
2584.000000
2589.500000
2595.000000
2600.500000
2606.000000
2611.500000
2617.000000
2622.500000
2628.000000
2633.500000
2639.000000
2644.500000
2650.000000
2655.500000
2661.000000
2666.500000
2672.000000
2677.500000
2683.000000
2688.500000
2694.000000
2699.500000
2705.000000
2710.500000
2716.000000
2721.500000
2727.000000
2732.500000
2738.000000
2743.500000
2749.000000
2754.500000
2760.000000
2765.500000
2771.000000
2776.500000
2782.000000
2787.500000
2793.000000
2798.500000
2804.000000
2809.500000
2815.000000
2820.500000
2826.000000
2831.500000
2837.000000
2842.500000
2848.000000
2853.500000
2859.000000
2864.500000
2870.000000
2875.500000
2881.000000
2886.500000
2892.000000
2897.500000
2903.000000
2908.500000
2914.000000
2919.500000
2925.000000
2930.500000
2936.000000
2941.500000
2947.000000
2952.500000
2958.000000
2963.500000
2969.000000
2974.500000
2980.000000
2985.500000
2991.000000
2996.500000
3002.000000
3007.500000
3013.000000
3018.500000
3024.000000
3029.500000
3035.000000
3040.500000
3046.000000
3051.500000
3057.000000
3062.500000
3068.000000
3073.500000
3079.000000
3084.500000
3090.000000
3095.500000
3101.000000
3106.500000
3112.000000
3117.500000
3123.000000
3128.500000
3134.000000
3139.500000
3145.000000
3150.500000
3156.000000
3161.500000
3167.000000
3172.500000
3178.000000
3183.500000
3189.000000
3194.500000
3200.000000
3205.500000
3211.000000
3216.500000
3222.000000
3227.500000
3233.000000
3238.500000
3244.000000
3249.500000
3255.000000
3260.500000
3266.000000
3271.500000
3277.000000
3282.500000
3288.000000
3293.500000
3299.000000
3304.500000
3310.000000
3315.500000
3321.000000
3326.500000
3332.500000
3338.500000
3344.500000
3350.500000
3356.500000
3362.500000
3368.500000
3374.500000
3380.500000
3386.500000
3392.500000
3398.500000
3404.500000
3410.500000
3416.500000
3422.500000
3428.500000
3434.500000
3440.500000
3446.500000
3452.500000
3458.500000
3464.500000
3470.500000
3474.500000
3477.500000
3480.000000
3482.000000
3483.500000
3485.000000
3486.000000
3487.000000
3488.000000
3489.000000
3489.500000
3490.000000
3490.500000
3491.000000
3491.000000
3491.000000
3491.000000
3491.000000
3491.000000
3490.500000
3490.000000
3489.500000
3489.000000
3488.500000
3488.000000
3487.500000
3486.500000
3485.500000
3484.500000
3483.500000
3482.500000
3481.500000
3480.500000
3479.500000
3478.500000
3477.500000
3476.500000
3475.500000
3474.500000
3473.500000
3472.500000
3471.500000
3470.500000
3469.500000
3468.500000
3467.500000
3466.500000
3465.500000
3464.500000
3463.500000
3462.500000
3461.500000
3460.500000
3459.500000
3458.500000
3457.500000
3456.500000
3455.500000
3454.500000
3453.500000
3452.500000
3451.500000
3450.500000
3449.500000
3448.500000
3447.500000
3446.500000
3445.500000
3444.500000
3443.500000
3442.500000
3441.500000
3440.500000
3439.500000
3438.500000
3437.500000
3436.500000
3435.500000
3434.500000
3433.500000
3432.500000
3431.500000
3430.500000
3429.500000
3428.500000
3427.500000
3426.500000
3425.500000
3424.500000
3423.500000
3422.500000
3421.500000
3420.500000
3419.500000
3418.500000
3417.500000
3416.500000
3415.500000
3414.500000
3413.500000
3412.500000
3411.500000
3410.500000
3409.500000
3408.500000
3407.500000
3406.500000
3405.500000
3404.500000
3403.500000
3402.500000
3401.500000
3400.500000
3399.500000
3398.500000
3397.500000
3396.500000
3395.500000
3394.500000
3393.500000
3392.500000
3391.500000
3390.500000
3389.500000
3388.500000
3387.500000
3386.500000
3385.500000
3384.500000
3383.500000
3382.500000
3381.500000
3380.500000
3379.500000
3378.500000
3377.500000
3376.500000
3375.500000
3374.500000
3373.500000
3372.500000
3371.500000
3370.500000
3369.500000
3368.500000
3367.500000
3366.500000
3365.500000
3364.500000
3363.500000
3362.500000
3361.500000
3360.500000
3359.500000
3358.500000
3357.500000
3356.500000
3355.500000
3354.500000
3353.500000
3352.500000
3351.500000
3350.500000
3349.500000
3348.500000
3347.500000
3346.500000
3345.500000
3344.500000
3343.500000
3342.500000
3341.500000
3340.500000
3339.500000
3338.500000
3337.500000
3336.500000
3335.500000
3334.500000
3333.500000
3332.500000
3331.500000
3330.500000
3329.500000
3328.500000
3327.500000
3326.500000
3325.500000
3324.500000
3323.500000
3322.500000
3321.500000
3320.500000
3319.500000
3318.500000
3317.500000
3316.500000
3315.500000
3314.500000
3313.500000
3312.500000
3311.500000
3310.500000
3309.500000
3308.500000
3307.500000
3306.500000
3305.500000
3304.500000
3303.500000
3302.500000
3301.500000
3300.500000
3299.500000
3298.500000
3297.500000
3296.500000
3295.500000
3294.500000
3293.500000
3292.500000
3291.500000
3290.500000
3289.500000
3288.500000
3287.500000
3286.500000
3285.500000
3284.500000
3283.500000
3282.500000
3281.500000
3280.500000
3279.500000
3278.500000
3277.500000
3276.500000
3275.500000
3274.500000
3273.500000
3272.500000
3271.500000
3270.500000
3269.500000
3268.500000
3267.500000
3266.500000
3265.500000
3264.500000
3263.500000
3262.500000
3261.500000
3260.500000
3259.500000
3258.500000
3257.500000
3256.500000
3255.500000
3254.500000
3253.500000
3252.500000
3251.500000
3250.500000
3249.500000
3248.500000
3247.500000
3246.500000
3245.500000
3244.500000
3243.500000
3242.500000
3241.500000
3240.500000
3239.500000
3238.500000
3237.500000
3236.500000
3235.500000
3234.500000
3233.500000
3232.500000
3231.500000
3230.500000
3229.500000
3228.500000
3227.500000
3226.500000
3225.500000
3224.500000
3223.500000
3222.500000
3221.500000
3220.500000
3219.500000
3218.500000
3217.500000
3216.500000
3215.500000
3214.500000
3213.500000
3212.500000
3211.500000
3210.500000
3209.500000
3208.500000
3207.500000
3206.500000
3205.500000
3204.500000
3203.500000
3202.500000
3201.500000
3200.500000
3199.500000
3198.500000
3197.500000
3196.500000
3195.500000
3194.500000
3193.500000
3192.500000
3191.500000
3190.500000
3189.500000
3188.500000
3187.500000
3186.500000
3185.500000
3184.500000
3183.500000
3182.500000
3181.500000
3180.500000
3179.500000
3178.500000
3177.500000
3176.500000
3175.500000
3174.500000
3173.500000
3172.500000
3171.500000
3170.500000
3169.500000
3168.500000
3167.500000
3166.500000
3165.500000
3164.500000
3163.500000
3162.500000
3161.500000
3160.500000
3159.500000
3158.500000
3157.500000
3156.500000
3155.500000
3154.500000
3153.500000
3152.500000
3151.500000
3150.500000
3149.500000
3148.500000
3147.500000
3146.500000
3145.500000
3144.500000
3143.500000
3142.500000
3141.500000
3140.500000
3139.500000
3138.500000
3137.500000
3136.500000
3135.500000
3134.500000
3133.500000
3132.500000
3131.500000
3130.500000
3129.500000
3128.500000
3127.500000
3126.500000
3125.500000
3124.500000
3123.500000
3122.500000
3121.500000
3120.500000
3119.500000
3118.500000
3117.500000
3116.500000
3115.500000
3114.500000
3113.500000
3112.500000
3111.500000
3110.500000
3109.500000
3108.500000
3107.500000
3106.500000
3105.500000
3104.500000
3103.500000
3102.500000
3101.500000
3100.500000
3099.500000
3098.500000
3097.500000
3096.500000
3095.500000
3094.500000
3093.500000
3092.500000
3091.500000
3090.500000
3089.500000
3088.500000
3087.500000
3086.500000
3085.500000
3084.500000
3083.500000
3082.500000
3081.500000
3080.500000
3079.500000
3078.500000
3077.500000
3076.500000
3075.500000
3074.500000
3073.500000
3072.500000
3071.500000
3070.500000
3069.500000
3068.500000
3067.500000
3066.500000
3065.500000
3064.500000
3063.500000
3062.500000
3061.500000
3060.500000
3059.500000
3058.500000
3057.500000
3056.500000
3055.500000
3054.500000
3053.500000
3052.500000
3051.500000
3050.500000
3049.500000
3048.500000
3047.500000
3046.500000
3045.500000
3044.500000
3043.500000
3042.500000
3041.500000
3040.500000
3039.500000
3038.500000
3037.500000
3036.500000
3035.500000
3034.500000
3033.500000
3032.500000
3031.500000
3030.500000
3029.500000
3028.500000
3027.500000
3026.500000
3025.500000
3024.500000
3023.500000
3022.500000
3021.500000
3020.500000
3019.500000
3018.500000
3017.500000
3016.500000
3015.500000
3014.500000
3013.500000
3012.500000
3011.500000
3010.500000
3009.500000
3008.500000
3007.500000
3006.500000
3005.500000
3004.500000
3003.500000
3002.500000
3001.500000
3000.500000
2999.500000
2998.500000
2997.500000
2996.500000
2995.500000
2994.500000
2993.500000
2992.500000
2991.500000
2990.500000
2989.500000
2988.500000
2987.500000
2986.500000
2985.500000
2984.500000
2983.500000
2982.500000
2981.500000
2980.500000
2979.500000
2978.500000
2977.500000
2976.500000
2975.500000
2974.500000
2973.500000
2972.500000
2971.500000
2970.500000
2969.500000
2968.500000
2967.500000
2966.500000
2965.500000
2964.500000
2963.500000
2962.500000
2961.500000
2960.500000
2959.500000
2958.500000
2957.500000
2956.500000
2955.500000
2954.500000
2953.500000
2952.500000
2951.500000
2950.500000
2949.500000
2948.500000
2947.500000
2946.500000
2945.500000
2944.500000
2943.500000
2942.500000
2941.500000
2940.500000
2939.500000
2938.500000
2937.500000
2936.500000
2935.500000
2934.500000
2933.500000
2932.500000
2931.500000
2930.500000
2929.500000
2928.500000
2927.500000
2926.500000
2925.500000
2924.500000
2923.500000
2922.500000
2921.500000
2920.500000
2919.500000
2918.500000
2917.500000
2916.500000
2915.500000
2914.500000
2913.500000
2912.500000
2911.500000
2910.500000
2909.500000
2908.500000
2907.500000
2906.500000
2905.500000
2904.500000
2903.500000
2902.500000
2901.500000
2900.500000
2899.500000
2898.500000
2897.500000
2896.500000
2895.500000
2894.500000
2893.500000
2892.500000
2891.500000
2890.500000
2889.500000
2888.500000
2887.500000
2886.500000
2885.500000
2884.500000
2883.500000
2882.500000
2881.500000
2880.500000
2879.500000
2878.500000
2877.500000
2876.500000
2875.500000
2874.500000
2873.500000
2872.500000
2871.500000
2870.500000
2869.500000
2868.500000
2867.500000
2866.500000
2865.500000
2864.500000
2863.500000
2862.500000
2861.500000
2860.500000
2859.500000
2858.500000
2857.500000
2856.500000
2855.500000
2854.500000
2853.500000
2852.500000
2851.500000
2850.500000
2849.500000
2848.500000
2847.500000
2846.500000
2845.500000
2844.500000
2843.500000
2842.500000
2841.500000
2840.500000
2839.500000
2838.500000
2837.500000
2836.500000
2835.500000
2834.500000
2833.500000
2832.500000
2831.500000
2830.500000
2829.500000
2828.500000
2827.500000
2826.500000
2825.500000
2824.500000
2823.500000
2822.500000
2821.500000
2820.500000
2819.500000
2818.500000
2817.500000
2816.500000
2815.500000
2814.500000
2813.500000
2812.500000
2811.500000
2810.500000
2809.500000
2808.500000
2807.500000
2806.500000
2805.500000
2804.500000
2803.500000
2802.500000
2801.500000
2800.500000
2799.500000
2798.500000
2797.500000
2796.500000
2795.500000
2794.500000
2793.500000
2792.500000
2791.500000
2790.500000
2789.500000
2788.500000
2787.500000
2786.500000
2785.500000
2784.500000
2783.500000
2782.500000
2781.500000
2780.500000
2779.500000
2778.500000
2777.500000
2776.500000
2775.500000
2774.500000
2773.500000
2772.500000
2771.500000
2770.500000
2769.500000
2768.500000
2767.500000
2766.500000
2765.500000
2764.500000
2763.500000
2762.500000
2761.500000
2760.500000
2759.500000
2758.500000
2757.500000
2756.500000
2755.500000
2754.500000
2753.500000
2752.500000
2751.500000
2750.500000
2749.500000
2748.500000
2747.500000
2746.500000
2745.500000
2744.500000
2743.500000
2742.500000
2741.500000
2740.500000
2739.500000
2738.500000
2737.500000
2736.500000
2735.500000
2734.500000
2733.500000
2732.500000
2731.500000
2730.500000
2729.500000
2728.500000
2727.500000
2726.500000
2725.500000
2724.500000
2723.500000
2722.500000
2721.500000
2720.500000
2719.500000
2718.500000
2717.500000
2716.500000
2715.500000
2714.500000
2713.500000
2712.500000
2711.500000
2710.500000
2709.500000
2708.500000
2707.500000
2706.500000
2705.500000
2704.500000
2703.500000
2702.500000
2701.500000
2700.500000
2699.500000
2698.500000
2697.500000
2696.500000
2695.500000
2694.500000
2693.500000
2692.500000
2691.500000
2690.500000
2689.500000
2688.500000
2687.500000
2686.500000
2685.500000
2684.500000
2683.500000
2682.500000
2681.500000
2680.500000
2679.500000
2678.500000
2677.500000
2676.500000
2675.500000
2674.500000
2673.500000
2672.500000
2671.500000
2670.500000
2669.500000
2668.500000
2667.500000
2666.500000
2665.500000
2664.500000
2663.500000
2662.500000
2661.500000
2660.500000
2659.500000
2658.500000
2657.500000
2656.500000
2655.500000
2654.500000
2653.500000
2652.500000
2651.500000
2650.500000
2649.500000
2648.500000
2647.500000
2646.500000
2645.500000
2644.500000
2643.500000
2642.500000
2641.500000
2640.500000
2639.500000
2638.500000
2637.500000
2636.500000
2635.500000
2634.500000
2633.500000
2632.500000
2631.500000
2630.500000
2629.500000
2628.500000
2627.500000
2626.500000
2625.500000
2624.500000
2623.500000
2622.500000
2621.500000
2620.500000
2619.500000
2618.500000
2617.500000
2616.500000
2615.500000
2614.500000
2613.500000
2612.500000
2611.500000
2610.500000
2609.500000
2608.500000
2607.500000
2606.500000
2605.500000
2604.500000
2603.500000
2602.500000
2601.500000
2600.500000
2599.500000
2598.500000
2597.500000
2596.500000
2595.500000
2594.500000
2593.500000
2592.500000
2591.500000
2590.500000
2589.500000
2588.500000
2587.500000
2586.500000
2585.500000
2584.500000
2583.500000
2582.500000
2581.500000
2580.500000
2579.500000
2578.500000
2577.500000
2576.500000
2575.500000
2574.500000
2573.500000
2572.500000
2571.500000
2570.500000
2569.500000
2568.500000
2567.500000
2566.500000
2565.500000
2564.500000
2563.500000
2562.500000
2561.500000
2560.500000
2559.500000
2558.500000
2557.500000
2556.500000
2555.500000
2554.500000
2553.500000
2552.500000
2551.500000
2550.500000
2549.500000
2548.500000
2547.500000
2546.500000
2545.500000
2544.500000
2543.500000
2542.500000
2541.500000
2540.500000
2539.500000
2538.500000
2537.500000
2536.500000
2535.500000
2534.500000
2533.500000
2532.500000
2531.500000
2530.500000
2529.500000
2528.500000
2527.500000
2526.500000
2525.500000
2524.500000
2523.500000
2522.500000
2521.500000
2520.500000
2519.500000
2518.500000
2517.500000
2516.500000
2515.500000
2514.500000
2513.500000
2512.500000
2511.500000
2510.500000
2509.500000
2508.500000
2507.500000
2506.500000
2505.500000
2504.500000
2503.500000
2502.500000
2501.500000
2500.500000
2499.500000
2498.500000
2497.500000
2496.500000
2495.500000
2494.500000
2493.500000
2492.500000
2491.500000
2490.500000
2489.500000
2488.500000
2487.500000
2486.500000
2485.500000
2484.500000
2483.500000
2482.500000
2481.500000
2480.500000
2479.500000
2478.500000
2477.500000
2476.500000
2475.500000
2474.500000
2473.500000
2472.500000
2471.500000
2470.500000
2469.500000
2468.500000
2467.500000
2466.500000
2465.500000
2464.500000
2463.500000
2462.500000
2461.500000
2460.500000
2459.500000
2458.500000
2457.500000
2456.500000
2455.500000
2454.500000
2453.500000
2452.500000
2451.500000
2450.500000
2449.500000
2448.500000
2447.500000
2446.500000
2445.500000
2444.500000
2443.500000
2442.500000
2441.500000
2440.500000
2439.500000
2438.500000
2437.500000
2436.500000
2435.500000
2434.500000
2433.500000
2432.500000
2431.500000
2430.500000
2429.500000
2428.500000
2427.500000
2426.500000
2425.500000
2424.500000
2423.500000
2422.500000
2421.500000
2420.500000
2419.500000
2418.500000
2417.500000
2416.500000
2415.500000
2414.500000
2413.500000
2412.500000
2411.500000
2410.500000
2409.500000
2408.500000
2407.500000
2406.500000
2405.500000
2404.500000
2403.500000
2402.500000
2401.500000
2400.500000
2399.500000
2398.500000
2397.500000
2396.500000
2395.500000
2394.500000
2393.500000
2392.500000
2391.500000
2390.500000
2389.500000
2388.500000
2387.500000
2386.500000
2385.500000
2384.500000
2383.500000
2382.500000
2381.500000
2380.500000
2379.500000
2378.500000
2377.500000
2376.500000
2375.500000
2374.500000
2373.500000
2372.500000
2371.500000
2370.500000
2369.500000
2368.500000
2367.500000
2366.500000
2365.500000
2364.500000
2363.500000
2362.500000
2361.500000
2360.500000
2359.500000
2358.500000
2357.500000
2356.500000
2355.500000
2354.500000
2353.500000
2352.500000
2351.500000
2350.500000
2349.500000
2348.500000
2347.500000
2346.500000
2345.500000
2344.500000
2343.500000
2342.500000
2341.500000
2340.500000
2339.500000
2338.500000
2337.500000
2336.500000
2335.500000
2334.500000
2333.500000
2332.500000
2331.500000
2330.500000
2329.500000
2328.500000
2327.500000
2326.500000
2325.500000
2324.500000
2323.500000
2322.500000
2321.500000
2320.500000
2319.500000
2318.500000
2317.500000
2316.500000
2315.500000
2314.500000
2313.500000
2312.500000
2311.500000
2310.500000
2309.500000
2308.500000
2307.500000
2306.500000
2305.500000
2304.500000
2303.500000
2302.500000
2301.500000
2300.500000
2299.500000
2298.500000
2297.500000
2296.500000
2295.500000
2294.500000
2293.500000
2292.500000
2291.500000
2290.500000
2289.500000
2288.500000
2287.500000
2286.500000
2285.500000
2284.500000
2283.500000
2282.500000
2281.500000
2280.500000
2279.500000
2278.500000
2277.500000
2276.500000
2275.500000
2274.500000
2273.500000
2272.500000
2271.500000
2270.500000
2269.500000
2268.500000
2267.500000
2266.500000
2265.500000
2264.500000
2263.500000
2262.500000
2261.500000
2260.500000
2259.500000
2258.500000
2257.500000
2256.500000
2255.500000
2254.500000
2253.500000
2252.500000
2251.500000
2250.500000
2249.500000
2248.500000
2247.500000
2246.500000
2245.500000
2244.500000
2243.500000
2242.500000
2241.500000
2240.500000
2239.500000
2238.500000
2237.500000
2236.500000
2235.500000
2234.500000
2233.500000
2232.500000
2231.500000
2230.500000
2229.500000
2228.500000
2227.500000
2226.500000
2225.500000
2224.500000
2223.500000
2222.500000
2221.500000
2220.500000
2219.500000
2218.500000
2217.500000
2216.500000
2215.500000
2214.500000
2213.500000
2212.500000
2211.500000
2210.500000
2209.500000
2208.500000
2207.500000
2206.500000
2205.500000
2204.500000
2203.500000
2202.500000
2201.500000
2200.500000
2199.500000
2198.500000
2197.500000
2196.500000
2195.500000
2194.500000
2193.500000
2192.500000
2191.500000
2190.500000
2189.500000
2188.500000
2187.500000
2186.500000
2185.500000
2184.500000
2183.500000
2182.500000
2181.500000
2180.500000
2179.500000
2178.500000
2177.500000
2176.500000
2175.500000
2174.500000
2173.500000
2172.500000
2171.500000
2170.500000
2169.500000
2168.500000
2167.500000
2166.500000
2165.500000
2164.500000
2163.500000
2162.500000
2161.500000
2160.500000
2159.500000
2158.500000
2157.500000
2156.500000
2155.500000
2154.500000
2153.500000
2152.500000
2151.500000
2150.500000
2149.500000
2148.500000
2147.500000
2146.500000
2145.500000
2144.500000
2143.500000
2142.500000
2141.500000
2140.500000
2139.500000
2138.500000
2137.500000
2136.500000
2135.500000
2134.500000
2133.500000
2132.500000
2131.500000
2130.500000
2129.500000
2128.500000
2127.500000
2126.500000
2125.500000
2124.500000
2123.500000
2122.500000
2121.500000
2120.500000
2119.500000
2118.500000
2117.500000
2116.500000
2115.500000
2114.500000
2113.500000
2112.500000
2111.500000
2110.500000
2109.500000
2108.500000
2107.500000
2106.500000
2105.500000
2104.500000
2103.500000
2102.500000
2101.500000
2100.500000
2099.500000
2098.500000
2097.500000
2096.500000
2095.500000
2094.500000
2093.500000
2092.500000
2091.500000
2090.500000
2089.500000
2088.500000
2087.500000
2086.500000
2085.500000
2084.500000
2083.500000
2082.500000
2081.500000
2080.500000
2079.500000
2078.500000
2077.500000
2076.500000
2075.500000
2074.500000
2073.500000
2072.500000
2071.500000
2070.500000
2069.500000
2068.500000
2067.500000
2066.500000
2065.500000
2064.500000
2063.500000
2062.500000
2061.500000
2060.500000
2059.500000
2058.500000
2057.500000
2056.500000
2055.500000
2054.500000
2053.500000
2052.500000
2051.500000
2050.500000
2049.500000
2048.500000
2047.500000
2046.500000
2045.500000
2044.500000
2043.500000
2042.500000
2041.500000
2040.500000
2039.500000
2038.500000
2037.500000
2036.500000
2035.500000
2034.500000
2033.500000
2032.500000
2031.500000
2030.500000
2029.500000
2028.500000
2027.500000
2026.500000
2025.500000
2024.500000
2023.500000
2022.500000
2021.500000
2020.500000
2019.500000
2018.500000
2017.500000
2016.500000
2015.500000
2014.500000
2013.500000
2012.500000
2011.500000
2010.500000
2009.500000
2008.500000
2007.500000
2006.500000
2005.500000
2004.500000
2003.500000
2002.500000
2001.500000
2000.500000
1999.500000
1998.500000
1997.500000
1996.500000
1995.500000
1994.500000
1993.500000
1992.500000
1991.500000
1990.500000
1989.500000
1988.500000
1987.500000
1986.500000
1985.500000
1984.500000
1983.500000
1982.500000
1981.500000
1980.500000
1979.500000
1978.500000
1977.500000
1976.500000
1975.500000
1974.500000
1973.500000
1972.500000
1971.500000
1970.500000
1969.500000
1968.500000
1967.500000
1966.500000
1965.500000
1964.500000
1963.500000
1962.500000
1961.500000
1960.500000
1959.500000
1958.500000
1957.500000
1956.500000
1955.500000
1954.500000
1953.500000
1952.500000
1951.500000
1950.500000
1949.500000
1948.500000
1947.500000
1946.500000
1945.500000
1944.500000
1943.500000
1942.500000
1941.500000
1940.500000
1939.500000
1938.500000
1937.500000
1936.500000
1935.500000
1934.500000
1933.500000
1932.500000
1931.500000
1930.500000
1929.500000
1928.500000
1927.500000
1926.500000
1925.500000
1924.500000
1923.500000
1922.500000
1921.500000
1920.500000
1919.500000
1918.500000
1917.500000
1916.500000
1915.500000
1914.500000
1913.500000
1912.500000
1911.500000
1910.500000
1909.500000
1908.500000
1907.500000
1906.500000
1905.500000
1904.500000
1903.500000
1902.500000
1901.500000
1900.500000
1899.500000
1898.500000
1897.500000
1896.500000
1895.500000
1894.500000
1893.500000
1892.500000
1891.500000
1890.500000
1889.500000
1888.500000
1887.500000
1886.500000
1885.500000
1884.500000
1883.500000
1882.500000
1881.500000
1880.500000
1879.500000
1878.500000
1877.500000
1876.500000
1875.500000
1874.500000
1873.500000
1872.500000
1871.500000
1870.500000
1869.500000
1868.500000
1867.500000
1866.500000
1865.500000
1864.500000
1863.500000
1862.500000
1861.500000
1860.500000
1859.500000
1858.500000
1857.500000
1856.500000
1855.500000
1854.500000
1853.500000
1852.500000
1851.500000
1850.500000
1849.500000
1848.500000
1847.500000
1846.500000
1845.500000
1844.500000
1843.500000
1842.500000
1841.500000
1840.500000
1839.500000
1838.500000
1837.500000
1836.500000
1835.500000
1834.500000
1833.500000
1832.500000
1831.500000
1830.500000
1829.500000
1828.500000
1827.500000
1826.500000
1825.500000
1824.500000
1823.500000
1822.500000
1821.500000
1820.500000
1819.500000
1818.500000
1817.500000
1816.500000
1815.500000
1814.500000
1813.500000
1812.500000
1811.500000
1810.500000
1809.500000
1808.500000
1807.500000
1806.500000
1805.500000
1804.500000
1803.500000
1802.500000
1801.500000
1800.500000
1799.500000
1798.500000
1797.500000
1796.500000
1795.500000
1794.500000
1793.500000
1792.500000
1791.500000
1790.500000
1789.500000
1788.500000
1787.500000
1786.500000
1785.500000
1784.500000
1783.500000
1782.500000
1781.500000
1780.500000
1779.500000
1778.500000
1777.500000
1776.500000
1775.500000
1774.500000
1773.500000
1772.500000
1771.500000
1770.500000
1769.500000
1768.500000
1767.500000
1766.500000
1765.500000
1764.500000
1763.500000
1762.500000
1761.500000
1760.500000
1759.500000
1758.500000
1757.500000
1756.500000
1755.500000
1754.500000
1753.500000
1752.500000
1751.500000
1750.500000
1749.500000
1748.500000
1747.500000
1746.500000
1745.500000
1744.500000
1743.500000
1742.500000
1741.500000
1740.500000
1739.500000
1738.500000
1737.500000
1736.500000
1735.500000
1734.500000
1733.500000
1732.500000
1731.500000
1730.500000
1729.500000
1728.500000
1727.500000
1726.500000
1725.500000
1724.500000
1723.500000
1722.500000
1721.500000
1720.500000
1719.500000
1718.500000
1717.500000
1716.500000
1715.500000
1714.500000
1713.500000
1712.500000
1711.500000
1710.500000
1709.500000
1708.500000
1707.500000
1706.500000
1705.500000
1704.500000
1703.500000
1702.500000
1701.500000
1700.500000
1699.500000
1698.500000
1697.500000
1696.500000
1695.500000
1694.500000
1693.500000
1692.500000
1691.500000
1690.500000
1689.500000
1688.500000
1687.500000
1686.500000
1685.500000
1684.500000
1683.500000
1682.500000
1681.500000
1680.500000
1679.500000
1678.500000
1677.500000
1676.500000
1675.500000
1674.500000
1673.500000
1672.500000
1671.500000
1670.500000
1669.500000
1668.500000
1667.500000
1666.500000
1665.500000
1664.500000
1663.500000
1662.500000
1661.500000
1660.500000
1659.500000
1658.500000
1657.500000
1656.500000
1655.500000
1654.500000
1653.500000
1652.500000
1651.500000
1650.500000
1649.500000
1648.500000
1647.500000
1646.500000
1645.500000
1644.500000
1643.500000
1642.500000
1641.500000
1640.500000
1639.500000
1638.500000
1637.500000
1636.500000
1635.500000
1634.500000
1633.500000
1632.500000
1631.500000
1630.500000
1629.500000
1628.500000
1627.500000
1626.500000
1625.500000
1624.500000
1623.500000
1622.500000
1621.500000
1620.500000
1619.500000
1618.500000
1617.500000
1616.500000
1615.500000
1614.500000
1613.500000
1612.500000
1611.500000
1610.500000
1609.500000
1608.500000
1607.500000
1606.500000
1605.500000
1604.500000
1603.500000
1602.500000
1601.500000
1600.500000
1599.500000
1598.500000
1597.500000
1596.500000
1595.500000
1594.500000
1593.500000
1592.500000
1591.500000
1590.500000
1589.500000
1588.500000
1587.500000
1586.500000
1585.500000
1584.500000
1583.500000
1582.500000
1581.500000
1580.500000
1579.500000
1578.500000
1577.500000
1576.500000
1575.500000
1574.500000
1573.500000
1572.500000
1571.500000
1570.500000
1569.500000
1568.500000
1567.500000
1566.500000
1565.500000
1564.500000
1563.500000
1562.500000
1561.500000
1560.500000
1559.500000
1558.500000
1557.500000
1556.500000
1555.500000
1554.500000
1553.500000
1552.500000
1551.500000
1550.500000
1549.500000
1548.500000
1547.500000
1546.500000
1545.500000
1544.500000
1543.500000
1542.500000
1541.500000
1540.500000
1539.500000
1538.500000
1537.500000
1536.500000
1535.500000
1534.500000
1533.500000
1532.500000
1531.500000
1530.500000
1529.500000
1528.500000
1527.500000
1526.500000
1525.500000
1524.500000
1523.500000
1522.500000
1521.500000
1520.500000
1519.500000
1518.500000
1517.500000
1516.500000
1515.500000
1514.500000
1513.500000
1512.500000
1511.500000
1510.500000
1509.500000
1508.500000
1507.500000
1506.500000
1505.500000
1504.500000
1503.500000
1502.500000
1501.500000
1500.500000
1499.500000
1498.500000
1497.500000
1496.500000
1495.500000
1494.500000
1493.500000
1492.500000
1491.500000
1490.500000
1489.500000
1488.500000
1487.500000
1486.500000
1485.500000
1484.500000
1483.500000
1482.500000
1481.500000
1480.500000
1479.500000
1478.500000
1477.500000
1476.500000
1475.500000
1474.500000
1473.500000
1472.500000
1471.500000
1470.500000
1469.500000
1468.500000
1467.500000
1466.500000
1465.500000
1464.500000
1463.500000
1462.500000
1461.500000
1460.500000
1459.500000
1458.500000
1457.500000
1456.500000
1455.500000
1454.500000
1453.500000
1452.500000
1451.500000
1450.500000
1449.500000
1448.500000
1447.500000
1446.500000
1445.500000
1444.500000
1443.500000
1442.500000
1441.500000
1440.500000
1439.500000
1438.500000
1437.500000
1436.500000
1435.500000
1434.500000
1433.500000
1432.500000
1431.500000
1430.500000
1429.500000
1428.500000
1427.500000
1426.500000
1425.500000
1424.500000
1423.500000
1422.500000
1421.500000
1420.500000
1419.500000
1418.500000
1417.500000
1416.500000
1415.500000
1414.500000
1413.500000
1412.500000
1411.500000
1410.500000
1409.500000
1408.500000
1407.500000
1406.500000
1405.500000
1404.500000
1403.500000
1402.500000
1401.500000
1400.500000
1399.500000
1398.500000
1397.500000
1396.500000
1395.500000
1394.500000
1393.500000
1392.500000
1391.500000
1390.500000
1389.500000
1388.500000
1387.500000
1386.500000
1385.500000
1384.500000
1383.500000
1382.500000
1381.500000
1380.500000
1379.500000
1378.500000
1377.500000
1376.500000
1375.500000
1374.500000
1373.500000
1372.500000
1371.500000
1370.500000
1369.500000
1368.500000
1367.500000
1366.500000
1365.500000
1364.500000
1363.500000
1362.500000
1361.500000
1360.500000
1359.500000
1358.500000
1357.500000
1356.500000
1355.500000
1354.500000
1353.500000
1352.500000
1351.500000
1350.500000
1349.500000
1348.500000
1347.500000
1346.500000
1345.500000
1344.500000
1343.500000
1342.500000
1341.500000
1340.500000
1339.500000
1338.500000
1337.500000
1336.500000
1335.500000
1334.500000
1333.500000
1332.500000
1331.500000
1330.500000
1329.500000
1328.500000
1327.500000
1326.500000
1325.500000
1324.500000
1323.500000
1322.500000
1321.500000
1320.500000
1319.500000
1318.500000
1317.500000
1316.500000
1315.500000
1314.500000
1313.500000
1312.500000
1311.500000
1310.500000
1309.500000
1308.500000
1307.500000
1306.500000
1305.500000
1304.500000
1303.500000
1302.500000
1301.500000
1300.500000
1299.500000
1298.500000
1297.500000
1296.500000
1295.500000
1294.500000
1293.500000
1292.500000
1291.500000
1290.500000
1289.500000
1288.500000
1287.500000
1286.500000
1285.500000
1284.500000
1283.500000
1282.500000
1281.500000
1280.500000
1279.500000
1278.500000
1277.500000
1276.500000
1275.500000
1274.500000
1273.500000
1272.500000
1271.500000
1270.500000
1269.500000
1268.500000
1267.500000
1266.500000
1265.500000
1264.500000
1263.500000
1262.500000
1261.500000
1260.500000
1259.500000
1258.500000
1257.500000
1256.500000
1255.500000
1254.500000
1253.500000
1252.500000
1251.500000
1250.500000
1249.500000
1248.500000
1247.500000
1246.500000
1245.500000
1244.500000
1243.500000
1242.500000
1241.500000
1240.500000
1239.500000
1238.500000
1237.500000
1236.500000
1235.500000
1234.500000
1233.500000
1232.500000
1231.500000
1230.500000
1229.500000
1228.500000
1227.500000
1226.500000
1225.500000
1224.500000
1223.500000
1222.500000
1221.500000
1220.500000
1219.500000
1218.500000
1217.500000
1216.500000
1215.500000
1214.500000
1213.500000
1212.500000
1211.500000
1210.500000
1209.500000
1208.500000
1207.500000
1206.500000
1205.500000
1204.500000
1203.500000
1202.500000
1201.500000
1200.500000
1199.500000
1198.500000
1197.500000
1196.500000
1195.500000
1194.500000
1193.500000
1192.500000
1191.500000
1190.500000
1189.500000
1188.500000
1187.500000
1186.500000
1185.500000
1184.500000
1183.500000
1182.500000
1181.500000
1180.500000
1179.500000
1178.500000
1177.500000
1176.500000
1175.500000
1174.500000
1173.500000
1172.500000
1171.500000
1170.500000
1169.500000
1168.500000
1167.500000
1166.500000
1165.500000
1164.500000
1163.500000
1162.500000
1161.500000
1160.500000
1159.500000
1158.500000
1157.500000
1156.500000
1155.500000
1154.500000
1153.500000
1152.500000
1151.500000
1150.500000
1149.500000
1148.500000
1147.500000
1146.500000
1145.500000
1144.500000
1143.500000
1142.500000
1141.500000
1140.500000
1139.500000
1138.500000
1137.500000
1136.500000
1135.500000
1134.500000
1133.500000
1132.500000
1131.500000
1130.500000
1129.500000
1128.500000
1127.500000
1126.500000
1125.500000
1124.500000
1123.500000
1122.500000
1121.500000
1120.500000
1119.500000
1118.500000
1117.500000
1116.500000
1115.500000
1114.500000
1113.500000
1112.500000
1111.500000
1110.500000
1109.500000
1108.500000
1107.500000
1106.500000
1105.500000
1104.500000
1103.500000
1102.500000
1101.500000
1100.500000
1099.500000
1098.500000
1097.500000
1096.500000
1095.500000
1094.500000
1093.500000
1092.500000
1091.500000
1090.500000
1089.500000
1088.500000
1087.500000
1086.500000
1085.500000
1084.500000
1083.500000
1082.500000
1081.500000
1080.500000
1079.500000
1078.500000
1077.500000
1076.500000
1075.500000
1074.500000
1073.500000
1072.500000
1071.500000
1070.500000
1069.500000
1068.500000
1067.500000
1066.500000
1065.500000
1064.500000
1063.500000
1062.500000
1061.500000
1060.500000
1059.500000
1058.500000
1057.500000
1056.500000
1055.500000
1054.500000
1053.500000
1052.500000
1051.500000
1050.500000
1049.500000
1048.500000
1047.500000
1046.500000
1045.500000
1044.500000
1043.500000
1042.500000
1041.500000
1040.500000
1039.500000
1038.500000
1037.500000
1036.500000
1035.500000
1034.500000
1033.500000
1032.500000
1031.500000
1030.500000
1029.500000
1028.500000
1027.500000
1026.500000
1025.500000
1024.500000
1023.500000
1022.500000
1021.500000
1020.500000
1019.500000
1018.500000
1017.500000
1016.500000
1015.500000
1014.500000
1013.500000
1012.500000
1011.500000
1010.500000
1009.500000
1008.500000
1007.500000
1006.500000
1005.500000
1004.500000
1003.500000
1002.500000
1001.500000
1000.500000
999.500000
998.500000
997.500000
996.500000
995.500000
994.500000
993.500000
992.500000
991.500000
990.500000
989.500000
988.500000
987.500000
986.500000
985.500000
984.500000
983.500000
982.500000
981.500000
980.500000
979.500000
978.500000
977.500000
976.500000
975.500000
974.500000
973.500000
972.500000
971.500000
970.500000
969.500000
968.500000
967.500000
966.500000
965.500000
964.500000
963.500000
962.500000
961.500000
960.500000
959.500000
958.500000
957.500000
956.500000
955.500000
954.500000
953.500000
952.500000
951.500000
950.500000
949.500000
948.500000
947.500000
946.500000
945.500000
944.500000
943.500000
942.500000
941.500000
940.500000
939.500000
938.500000
937.500000
936.500000
935.500000
934.500000
933.500000
932.500000
931.500000
930.500000
929.500000
928.500000
927.500000
926.500000
925.500000
924.500000
923.500000
922.500000
921.500000
920.500000
919.500000
918.500000
917.500000
916.500000
915.500000
914.500000
913.500000
912.500000
911.500000
910.500000
909.500000
908.500000
907.500000
906.500000
905.500000
904.500000
903.500000
902.500000
901.500000
900.500000
899.500000
898.500000
897.500000
896.500000
895.500000
894.500000
893.500000
892.500000
891.500000
890.500000
889.500000
888.500000
887.500000
886.500000
885.500000
884.500000
883.500000
882.500000
881.500000
880.500000
879.500000
878.500000
877.500000
876.500000
875.500000
874.500000
873.500000
872.500000
871.500000
870.500000
869.500000
868.500000
867.500000
866.500000
865.500000
864.500000
863.500000
862.500000
861.500000
860.500000
859.500000
858.500000
857.500000
856.500000
855.500000
854.500000
853.500000
852.500000
851.500000
850.500000
849.500000
848.500000
847.500000
846.500000
845.500000
844.500000
843.500000
842.500000
841.500000
840.500000
839.500000
838.500000
837.500000
836.500000
835.500000
834.500000
833.500000
832.500000
831.500000
830.500000
829.500000
828.500000
827.500000
826.500000
825.500000
824.500000
823.500000
822.500000
821.500000
820.500000
819.500000
818.500000
817.500000
816.500000
815.500000
814.500000
813.500000
812.500000
811.500000
810.500000
809.500000
808.500000
807.500000
806.500000
805.500000
804.500000
803.500000
802.500000
801.500000
800.500000
799.500000
798.500000
797.500000
796.500000
795.500000
794.500000
793.500000
792.500000
791.500000
790.500000
789.500000
788.500000
787.500000
786.500000
785.500000
784.500000
783.500000
782.500000
781.500000
780.500000
779.500000
778.500000
777.500000
776.500000
775.500000
774.500000
773.500000
772.500000
771.500000
770.500000
769.500000
768.500000
767.500000
766.500000
765.500000
764.500000
763.500000
762.500000
761.500000
760.500000
759.500000
758.500000
757.500000
756.500000
755.500000
754.500000
753.500000
752.500000
751.500000
750.500000
749.500000
748.500000
747.500000
746.500000
745.500000
744.500000
743.500000
742.500000
741.500000
740.500000
739.500000
738.500000
737.500000
736.500000
735.500000
734.500000
733.500000
732.500000
731.500000
730.500000
729.500000
728.500000
727.500000
726.500000
725.500000
724.500000
723.500000
722.500000
721.500000
720.500000
719.500000
718.500000
717.500000
716.500000
715.500000
714.500000
713.500000
712.500000
711.500000
710.500000
709.500000
708.500000
707.500000
706.500000
705.500000
704.500000
703.500000
702.500000
701.500000
700.500000
699.500000
698.500000
697.500000
696.500000
695.500000
694.500000
693.500000
692.500000
691.500000
690.500000
689.500000
688.500000
687.500000
686.500000
685.500000
684.500000
683.500000
682.500000
681.500000
680.500000
679.500000
678.500000
677.500000
676.500000
675.500000
674.500000
673.500000
672.500000
671.500000
670.500000
669.500000
668.500000
667.500000
666.500000
665.500000
664.500000
663.500000
662.500000
661.500000
660.500000
659.500000
658.500000
657.500000
656.500000
655.500000
654.500000
653.500000
652.500000
651.500000
650.500000
649.500000
648.500000
647.500000
646.500000
645.500000
644.500000
643.500000
642.500000
641.500000
640.500000
639.500000
638.500000
637.500000
636.500000
635.500000
634.500000
633.500000
632.500000
631.500000
630.500000
629.500000
628.500000
627.500000
626.500000
625.500000
624.500000
623.500000
622.500000
621.500000
620.500000
619.500000
618.500000
617.500000
616.500000
615.500000
614.500000
613.500000
612.500000
611.500000
610.500000
609.500000
608.500000
607.500000
606.500000
605.500000
604.500000
603.500000
602.500000
601.500000
600.500000
599.500000
598.500000
597.500000
596.500000
595.500000
594.500000
593.500000
592.500000
591.500000
590.500000
589.500000
588.500000
587.500000
586.500000
585.500000
584.500000
583.500000
582.500000
581.500000
580.500000
579.500000
578.500000
577.500000
576.500000
575.500000
574.500000
573.500000
572.500000
571.500000
570.500000
569.500000
568.500000
567.500000
566.500000
565.500000
564.500000
563.500000
562.500000
561.500000
560.500000
559.500000
558.500000
557.500000
556.500000
555.500000
554.500000
553.500000
552.500000
551.500000
550.500000
549.500000
548.500000
547.500000
546.500000
545.500000
544.500000
543.500000
542.500000
541.500000
540.500000
539.500000
538.500000
537.500000
536.500000
535.500000
534.500000
533.500000
532.500000
531.500000
530.500000
529.500000
528.500000
527.500000
526.500000
525.500000
524.500000
523.500000
522.500000
521.500000
520.500000
519.500000
518.500000
517.500000
516.500000
515.500000
514.500000
513.500000
512.500000
511.500000
510.500000
509.500000
508.500000
507.500000
506.500000
505.500000
504.500000
503.500000
502.500000
501.500000
500.500000
499.500000
498.500000
497.500000
496.500000
495.500000
494.500000
493.500000
492.500000
491.500000
490.500000
489.500000
488.500000
487.500000
486.500000
485.500000
484.500000
483.500000
482.500000
481.500000
480.500000
479.500000
478.500000
477.500000
476.500000
475.500000
474.500000
473.500000
472.500000
471.500000
470.500000
469.500000
468.500000
467.500000
466.500000
465.500000
464.500000
463.500000
462.500000
461.500000
460.500000
459.500000
458.500000
457.500000
456.500000
455.500000
454.500000
453.500000
452.500000
451.500000
450.500000
449.500000
448.500000
447.500000
446.500000
445.500000
444.500000
443.500000
442.500000
441.500000
440.500000
439.500000
438.500000
437.500000
436.500000
435.500000
434.500000
433.500000
432.500000
431.500000
430.500000
429.500000
428.500000
427.500000
426.500000
425.500000
424.500000
423.500000
422.500000
421.500000
420.500000
419.500000
418.500000
417.500000
416.500000
415.500000
414.500000
413.500000
412.500000
411.500000
410.500000
409.500000
408.500000
407.500000
406.500000
405.500000
404.500000
403.500000
402.500000
401.500000
400.500000
399.500000
398.500000
397.500000
396.500000
395.500000
394.500000
393.500000
392.500000
391.500000
390.500000
389.500000
388.500000
387.500000
386.500000
385.500000
384.500000
383.500000
382.500000
381.500000
380.500000
379.500000
378.500000
377.500000
376.500000
375.500000
374.500000
373.500000
372.500000
371.500000
370.500000
369.500000
368.500000
367.500000
366.500000
365.500000
364.500000
363.500000
362.500000
361.500000
360.500000
359.500000
358.500000
357.500000
356.500000
355.500000
354.500000
353.500000
352.500000
351.500000
350.500000
349.500000
348.500000
347.500000
346.500000
345.500000
344.500000
343.500000
342.500000
341.500000
340.500000
339.500000
338.500000
337.500000
336.500000
335.500000
334.500000
333.500000
332.500000
331.500000
330.500000
329.500000
328.500000
327.500000
326.500000
325.500000
324.500000
323.500000
322.500000
321.500000
320.500000
319.500000
318.500000
317.500000
316.500000
315.500000
314.500000
313.500000
312.500000
311.500000
310.500000
309.500000
308.500000
307.500000
306.500000
305.500000
304.500000
303.500000
302.500000
301.500000
300.500000
299.500000
298.500000
297.500000
296.500000
295.500000
294.500000
293.500000
292.500000
291.500000
290.500000
289.500000
288.500000
287.500000
286.500000
285.500000
284.500000
283.500000
282.500000
281.500000
280.500000
279.500000
278.500000
277.500000
276.500000
275.500000
274.500000
273.500000
272.500000
271.500000
270.500000
269.500000
268.500000
267.500000
266.500000
265.500000
264.500000
263.500000
262.500000
261.500000
260.500000
259.500000
258.500000
257.500000
256.500000
255.500000
254.500000
253.500000
252.500000
251.500000
250.500000
249.500000
248.500000
247.500000
246.500000
245.500000
244.500000
243.500000
242.500000
241.500000
240.500000
239.500000
238.500000
237.500000
236.500000
235.500000
234.500000
233.500000
232.500000
231.500000
230.500000
229.500000
228.500000
227.500000
226.500000
225.500000
224.500000
223.500000
222.500000
221.500000
220.500000
219.500000
218.500000
217.500000
216.500000
215.500000
214.500000
213.500000
212.500000
211.500000
210.500000
209.500000
208.500000
207.500000
206.500000
205.500000
204.500000
203.500000
202.500000
201.500000
200.500000
199.500000
198.500000
197.500000
196.500000
195.500000
194.500000
193.500000
192.500000
191.500000
190.500000
189.500000
188.500000
187.500000
186.500000
185.500000
184.500000
183.500000
182.500000
181.500000
180.500000
179.500000
178.500000
177.500000
176.500000
175.500000
174.500000
173.500000
172.500000
171.500000
170.500000
169.500000
168.500000
167.500000
166.500000
165.500000
164.500000
163.500000
162.500000
161.500000
160.500000
159.500000
158.500000
157.500000
156.500000
155.500000
154.500000
153.500000
152.500000
151.500000
150.500000
149.500000
148.500000
147.500000
146.500000
145.500000
144.500000
143.500000
142.500000
141.500000
140.500000
139.500000
138.500000
137.500000
136.500000
135.500000
134.500000
133.500000
132.500000
131.500000
130.500000
129.500000
128.500000
127.500000
126.500000
125.500000
124.500000
123.500000
122.500000
121.500000
120.500000
119.500000
118.500000
117.500000
116.500000
115.500000
114.500000
113.500000
112.500000
111.500000
110.500000
109.500000
108.500000
107.500000
106.500000
105.500000
104.500000
103.500000
102.500000
101.500000
100.500000
99.500000
98.500000
97.500000
96.500000
95.500000
94.500000
93.500000
92.500000
91.500000
90.500000
89.500000
88.500000
87.500000
86.500000
85.500000
84.500000
83.500000
82.500000
81.500000
80.500000
79.500000
78.500000
77.500000
76.500000
75.500000
74.500000
73.500000
72.500000
71.500000
70.500000
69.500000
68.500000
67.500000
66.500000
65.500000
64.500000
63.500000
62.500000
61.500000
60.500000
59.500000
58.500000
57.500000
56.500000
55.500000
54.500000
53.500000
52.500000
51.500000
50.500000
49.500000
48.500000
47.500000
46.500000
45.500000
44.500000
43.500000
42.500000
41.500000
40.500000
39.500000
38.500000
37.500000
36.500000
35.500000
34.500000
33.500000
32.500000
31.500000
30.500000
29.500000
28.500000
27.500000
26.500000
25.500000
24.500000
23.500000
22.500000
21.500000
20.500000
19.500000
18.500000
17.500000
16.500000
15.500000
14.500000
13.500000
12.500000
11.500000
10.500000
9.500000
8.500000
7.500000
6.500000
5.500000
4.500000
3.500000
2.500000
1.500000
0.500000
