0.000000
0.000000
0.500000
1.000000
1.500000
2.000000
2.500000
3.000000
4.000000
5.000000
6.000000
7.000000
8.000000
9.000000
10.500000
12.000000
13.500000
15.000000
16.500000
18.000000
20.000000
22.000000
24.000000
26.000000
28.000000
30.000000
32.500000
35.000000
37.500000
40.000000
42.500000
45.000000
48.000000
51.000000
54.000000
57.000000
60.000000
63.500000
67.000000
70.500000
74.000000
77.500000
81.000000
85.000000
89.000000
93.000000
97.000000
101.000000
105.000000
109.500000
114.000000
118.500000
123.000000
127.500000
132.000000
137.000000
142.000000
147.000000
152.000000
157.000000
162.000000
167.500000
173.000000
178.500000
184.000000
189.500000
195.000000
200.500000
206.500000
212.500000
218.500000
224.500000
230.500000
236.500000
243.000000
249.500000
256.000000
262.500000
269.000000
275.500000
282.000000
289.000000
296.000000
303.000000
310.000000
317.000000
324.000000
331.000000
338.500000
346.000000
353.500000
361.000000
368.500000
376.000000
383.500000
391.500000
399.500000
407.500000
415.500000
423.500000
431.500000
439.500000
447.500000
456.000000
464.500000
473.000000
481.500000
490.000000
498.500000
507.000000
515.500000
524.500000
533.500000
542.500000
551.500000
560.500000
569.500000
578.500000
587.500000
596.500000
606.000000
615.500000
625.000000
634.500000
644.000000
653.500000
663.000000
672.500000
682.000000
692.000000
702.000000
712.000000
722.000000
732.000000
742.000000
752.000000
762.000000
772.000000
782.000000
792.000000
802.500000
813.000000
823.500000
834.000000
844.500000
855.000000
865.500000
876.000000
886.500000
897.000000
907.500000
918.500000
929.500000
940.500000
951.500000
962.500000
973.500000
984.500000
995.500000
1006.500000
1017.500000
1028.500000
1039.500000
1051.000000
1062.500000
1074.000000
1085.500000
1097.000000
1108.500000
1120.000000
1131.500000
1143.000000
1154.500000
1166.000000
1177.500000
1189.000000
1200.500000
1212.500000
1224.500000
1236.500000
1248.500000
1260.500000
1272.500000
1284.500000
1296.500000
1308.500000
1320.500000
1332.500000
1344.500000
1356.500000
1368.500000
1380.500000
1393.000000
1405.500000
1418.000000
1430.500000
1443.000000
1455.500000
1468.000000
1480.500000
1493.000000
1505.500000
1518.000000
1530.500000
1543.000000
1555.500000
1568.000000
1580.500000
1593.000000
1605.500000
1618.500000
1631.500000
1644.500000
1657.500000
1670.500000
1683.500000
1696.500000
1709.500000
1722.500000
1735.500000
1748.500000
1761.500000
1774.500000
1787.500000
1800.500000
1813.500000
1826.500000
1839.500000
1852.500000
1866.000000
1879.500000
1893.000000
1906.500000
1920.000000
1933.500000
1947.000000
1960.500000
1974.000000
1987.500000
2001.000000
2014.500000
2028.000000
2041.500000
2055.000000
2068.500000
2082.000000
2095.500000
2109.000000
2122.500000
2136.000000
2150.000000
2164.000000
2178.000000
2192.000000
2206.000000
2220.000000
2234.000000
2248.000000
2262.000000
2276.000000
2290.000000
2304.000000
2318.000000
2332.000000
2346.000000
2360.000000
2374.000000
2388.000000
2402.000000
2416.000000
2430.000000
2444.000000
2458.500000
2473.000000
2487.500000
2502.000000
2516.500000
2531.000000
2545.500000
2560.000000
2574.500000
2589.000000
2603.500000
2618.000000
2632.500000
2647.000000
2661.500000
2676.000000
2690.500000
2705.000000
2719.500000
2734.000000
2748.500000
2763.000000
2777.500000
2792.500000
2807.500000
2822.500000
2837.500000
2852.500000
2867.500000
2882.500000
2897.500000
2912.500000
2927.500000
2942.500000
2957.500000
2972.500000
2987.500000
3002.500000
3017.500000
3032.500000
3047.500000
3062.500000
3077.500000
3092.500000
3107.500000
3122.500000
3138.000000
3153.500000
3169.000000
3184.500000
3200.000000
3215.500000
3231.000000
3246.500000
3262.000000
3277.500000
3293.000000
3308.500000
3324.000000
3339.500000
3355.000000
3370.500000
3386.000000
3401.500000
3417.000000
3432.500000
3448.000000
3463.500000
3479.000000
3495.000000
3511.000000
3527.000000
3543.000000
3559.000000
3575.000000
3591.000000
3607.000000
3623.000000
3639.000000
3655.000000
3671.000000
3687.000000
3703.000000
3719.000000
3735.000000
3751.000000
3767.000000
3783.000000
3799.000000
3815.000000
3831.000000
3847.500000
3864.000000
3880.500000
3897.000000
3913.500000
3930.000000
3946.500000
3963.000000
3979.500000
3996.000000
4012.500000
4029.000000
4045.500000
4062.000000
4078.500000
4095.000000
4111.500000
4128.000000
4144.500000
4161.000000
4177.500000
4194.000000
4211.000000
4228.000000
4245.000000
4262.000000
4279.000000
4296.000000
4313.000000
4330.000000
4347.000000
4364.000000
4381.000000
4398.000000
4415.000000
4432.000000
4449.000000
4466.000000
4483.000000
4500.000000
4517.000000
4534.000000
4551.000000
4568.500000
4586.000000
4603.500000
4621.000000
4638.500000
4656.000000
4673.500000
4691.000000
4708.500000
4726.000000
4743.500000
4761.000000
4778.500000
4796.000000
4813.500000
4831.000000
4848.500000
4866.000000
4883.500000
4901.000000
4918.500000
4936.500000
4954.500000
4972.500000
4990.500000
5008.500000
5026.500000
5044.500000
5062.500000
5080.500000
5098.500000
5116.500000
5134.500000
5152.500000
5170.500000
5188.500000
5206.500000
5224.500000
5242.500000
5260.500000
5278.500000
5296.500000
5314.500000
5332.500000
5350.500000
5369.000000
5387.500000
5406.000000
5424.500000
5443.000000
5461.500000
5480.000000
5498.500000
5517.000000
5535.500000
5554.000000
5572.500000
5591.000000
5609.500000
5628.000000
5646.500000
5665.000000
5683.500000
5702.000000
5720.500000
5739.000000
5757.500000
5776.500000
5795.500000
5814.500000
5833.500000
5852.500000
5871.500000
5890.500000
5909.500000
5928.500000
5947.500000
5966.500000
5985.500000
6004.500000
6023.500000
6042.500000
6061.500000
6080.500000
6100.000000
6119.500000
6139.000000
6158.500000
6178.000000
6197.500000
6217.000000
6236.500000
6256.000000
6275.500000
6295.000000
6314.500000
6334.000000
6353.500000
6373.500000
6393.500000
6413.500000
6433.500000
6453.500000
6473.500000
6493.500000
6513.500000
6533.500000
6553.500000
6573.500000
6593.500000
6613.500000
6633.500000
6654.000000
6674.500000
6695.000000
6715.500000
6736.000000
6756.500000
6777.000000
6797.500000
6818.000000
6838.500000
6859.000000
6879.500000
6900.000000
6920.500000
6941.000000
6962.000000
6983.000000
7004.000000
7025.000000
7046.000000
7067.000000
7088.000000
7109.000000
7130.000000
7151.000000
7172.000000
7193.000000
7214.000000
7235.000000
7256.500000
7278.000000
7299.500000
7321.000000
7342.500000
7364.000000
7385.500000
7407.000000
7428.500000
7450.000000
7471.500000
7493.000000
7514.500000
7536.000000
7557.500000
7579.500000
7601.500000
7623.500000
7645.500000
7667.500000
7689.500000
7711.500000
7733.500000
7755.500000
7777.500000
7799.500000
7821.500000
7843.500000
7865.500000
7888.000000
7910.500000
7933.000000
7955.500000
7978.000000
8000.500000
8023.000000
8045.500000
8068.000000
8090.500000
8113.000000
8135.500000
8158.500000
8181.500000
8204.500000
8227.500000
8250.500000
8273.500000
8296.500000
8319.500000
8342.500000
8365.500000
8388.500000
8411.500000
8435.000000
8458.500000
8482.000000
8505.500000
8529.000000
8552.500000
8576.000000
8599.500000
8623.000000
8646.500000
8670.000000
8694.000000
8718.000000
8742.000000
8766.000000
8790.000000
8814.000000
8838.000000
8862.000000
8886.000000
8910.000000
8934.000000
8958.000000
8982.500000
9007.000000
9031.500000
9056.000000
9080.500000
9105.000000
9129.500000
9154.000000
9178.500000
9203.000000
9227.500000
9252.500000
9277.500000
9302.500000
9327.500000
9352.500000
9377.500000
9402.500000
9427.500000
9452.500000
9477.500000
9502.500000
9528.000000
9553.500000
9579.000000
9604.500000
9630.000000
9655.500000
9681.000000
9706.500000
9732.000000
9757.500000
9783.000000
9809.000000
9835.000000
9861.000000
9887.000000
9913.000000
9939.000000
9965.000000
9991.000000
10017.000000
10043.000000
10069.500000
10096.000000
10122.500000
10149.000000
10175.500000
10202.000000
10228.500000
10255.000000
10282.000000
10309.000000
10336.000000
10363.000000
10390.000000
10417.000000
10444.000000
10471.000000
10498.500000
10526.000000
10553.500000
10581.000000
10608.500000
10636.000000
10663.500000
10691.000000
10719.000000
10747.000000
10775.000000
10803.000000
10831.000000
10859.000000
10887.000000
10915.000000
10943.000000
10971.500000
11000.000000
11028.500000
11057.000000
11085.500000
11114.000000
11142.500000
11171.000000
11200.000000
11229.000000
11258.000000
11287.000000
11316.000000
11345.000000
11374.000000
11403.000000
11432.000000
11461.500000
11491.000000
11520.500000
11550.000000
11579.500000
11609.000000
11638.500000
11668.000000
11698.000000
11728.000000
11758.000000
11788.000000
11818.000000
11848.000000
11878.000000
11908.000000
11938.500000
11969.000000
11999.500000
12030.000000
12060.500000
12091.000000
12121.500000
12152.500000
12183.500000
12214.500000
12245.500000
12276.500000
12307.500000
12338.500000
12369.500000
12401.000000
12432.500000
12464.000000
12495.500000
12527.000000
12558.500000
12590.000000
12622.000000
12654.000000
12686.000000
12718.000000
12750.000000
12782.000000
12814.000000
12846.500000
12879.000000
12911.500000
12944.000000
12976.500000
13009.000000
13041.500000
13074.500000
13107.500000
13140.500000
13173.500000
13206.500000
13239.500000
13273.000000
13306.500000
13340.000000
13373.500000
13407.000000
13440.500000
13474.000000
13508.000000
13540.000000
13570.000000
13598.500000
13625.500000
13651.500000
13676.500000
13700.500000
13723.500000
13745.500000
13766.500000
13787.000000
13806.500000
13825.500000
13843.500000
13861.000000
13878.000000
13894.500000
13910.500000
13926.000000
13941.000000
13955.500000
13969.500000
13983.500000
13997.000000
14010.000000
14022.500000
14035.000000
14047.000000
14058.500000
14070.000000
14081.000000
14092.000000
14102.500000
14113.000000
14123.000000
14133.000000
14142.500000
14152.000000
14161.000000
14170.000000
14178.500000
14187.000000
14195.500000
14203.500000
14211.500000
14219.000000
14226.500000
14234.000000
14241.000000
14248.000000
14255.000000
14261.500000
14268.000000
14274.500000
14280.500000
14286.500000
14292.500000
14298.000000
14303.500000
14309.000000
14314.500000
14319.500000
14324.500000
14329.500000
14334.500000
14339.000000
14343.500000
14348.000000
14352.000000
14356.000000
14360.000000
14364.000000
14368.000000
14371.500000
14375.000000
14378.500000
14382.000000
14385.000000
14388.000000
14391.000000
14394.000000
14396.500000
14399.000000
14401.500000
14404.000000
14406.500000
14408.500000
14410.500000
14412.500000
14414.500000
14416.500000
14418.000000
14419.500000
14421.000000
14422.500000
14424.000000
14425.000000
14426.000000
14427.000000
14428.000000
14429.000000
14429.500000
14430.000000
14430.500000
14431.000000
14431.500000
14431.500000
14431.500000
14431.500000
14431.500000
14431.500000
14431.000000
14430.500000
14430.000000
14429.500000
14429.000000
14428.000000
14427.000000
14426.000000
14425.000000
14424.000000
14423.000000
14421.500000
14420.000000
14418.500000
14417.000000
14415.500000
14413.500000
14411.500000
14409.500000
14407.500000
14405.500000
14403.000000
14400.500000
14398.000000
14395.500000
14393.000000
14390.500000
14387.500000
14384.500000
14381.500000
14378.500000
14375.500000
14372.500000
14369.000000
14365.500000
14362.000000
14358.500000
14355.000000
14351.500000
14347.500000
14343.500000
14339.500000
14335.500000
14331.500000
14327.500000
14323.500000
14319.000000
14314.500000
14310.000000
14305.500000
14301.000000
14296.500000
14292.000000
14287.000000
14282.000000
14277.000000
14272.000000
14267.000000
14262.000000
14257.000000
14252.000000
14247.000000
14241.500000
14236.000000
14230.500000
14225.000000
14219.500000
14214.000000
14208.500000
14203.000000
14197.500000
14192.000000
14186.000000
14180.000000
14174.000000
14168.000000
14162.000000
14156.000000
14150.000000
14144.000000
14138.000000
14132.000000
14126.000000
14119.500000
14113.000000
14106.500000
14100.000000
14093.500000
14087.000000
14080.500000
14074.000000
14067.500000
14061.000000
14054.500000
14048.000000
14041.500000
14035.000000
14028.500000
14022.000000
14015.000000
14008.000000
14001.000000
13994.000000
13987.000000
13980.000000
13973.000000
13966.000000
13959.000000
13952.000000
13945.000000
13938.000000
13931.000000
13924.000000
13917.000000
13910.000000
13903.000000
13896.000000
13889.000000
13882.000000
13875.000000
13868.000000
13861.000000
13854.000000
13847.000000
13839.500000
13832.000000
13824.500000
13817.000000
13809.500000
13802.000000
13794.500000
13787.000000
13779.500000
13772.000000
13764.500000
13757.000000
13749.500000
13742.000000
13734.500000
13727.000000
13719.500000
13712.000000
13704.500000
13697.000000
13689.500000
13682.000000
13674.500000
13667.000000
13659.500000
13652.000000
13644.500000
13637.000000
13629.500000
13622.000000
13614.500000
13607.000000
13599.500000
13592.000000
13584.500000
13577.000000
13569.500000
13562.000000
13554.500000
13547.000000
13539.500000
13532.000000
13524.500000
13517.000000
13509.500000
13502.000000
13494.500000
13487.000000
13479.500000
13472.000000
13464.500000
13457.000000
13449.500000
13442.000000
13434.500000
13427.000000
13419.500000
13412.000000
13404.500000
13397.000000
13389.500000
13382.000000
13374.500000
13367.000000
13359.500000
13352.000000
13344.500000
13337.000000
13329.500000
13322.000000
13314.500000
13307.000000
13299.500000
13292.000000
13284.500000
13277.000000
13269.500000
13262.000000
13254.500000
13247.000000
13239.500000
13232.000000
13224.500000
13217.000000
13209.500000
13202.000000
13194.500000
13187.000000
13179.500000
13172.000000
13164.500000
13157.000000
13149.500000
13142.000000
13134.500000
13127.000000
13119.500000
13112.000000
13104.500000
13097.000000
13089.500000
13082.000000
13074.500000
13067.000000
13059.500000
13052.000000
13044.500000
13037.000000
13029.500000
13022.000000
13014.500000
13007.000000
12999.500000
12992.000000
12984.500000
12977.000000
12969.500000
12962.000000
12954.500000
12947.000000
12939.500000
12932.000000
12924.500000
12917.000000
12909.500000
12902.000000
12894.500000
12887.000000
12879.500000
12872.000000
12864.500000
12857.000000
12849.500000
12842.000000
12834.500000
12827.000000
12819.500000
12812.000000
12804.500000
12797.000000
12789.500000
12782.000000
12774.500000
12767.000000
12759.500000
12752.000000
12744.500000
12737.000000
12729.500000
12722.000000
12714.500000
12707.000000
12699.500000
12692.000000
12684.500000
12677.000000
12669.500000
12662.000000
12654.500000
12647.000000
12639.500000
12632.000000
12624.500000
12617.000000
12609.500000
12602.000000
12594.500000
12587.000000
12579.500000
12572.000000
12564.500000
12557.000000
12549.500000
12542.000000
12534.500000
12527.000000
12519.500000
12512.000000
12504.500000
12497.000000
12489.500000
12482.000000
12474.500000
12467.000000
12459.500000
12452.000000
12444.500000
12437.000000
12429.500000
12422.000000
12414.500000
12407.000000
12399.500000
12392.000000
12384.500000
12377.000000
12369.500000
12362.000000
12354.500000
12347.000000
12339.500000
12332.000000
12324.500000
12317.000000
12309.500000
12302.000000
12294.500000
12287.000000
12279.500000
12272.000000
12264.500000
12257.000000
12249.500000
12242.000000
12234.500000
12227.000000
12219.500000
12212.000000
12204.500000
12197.000000
12189.500000
12182.000000
12174.500000
12167.000000
12159.500000
12152.000000
12144.500000
12137.000000
12129.500000
12122.000000
12115.000000
12108.000000
12101.000000
12094.000000
12087.000000
12080.000000
12073.000000
12066.000000
12059.000000
12052.000000
12045.000000
12038.000000
12031.000000
12024.000000
12017.000000
12010.000000
12003.000000
11996.000000
11989.000000
11982.000000
11975.000000
11968.000000
11961.000000
11954.000000
11947.000000
11940.000000
11933.000000
11926.000000
11919.000000
11912.000000
11905.000000
11898.000000
11891.000000
11884.000000
11877.000000
11870.000000
11863.000000
11856.000000
11849.000000
11842.000000
11835.000000
11828.000000
11821.000000
11814.000000
11807.000000
11800.000000
11793.000000
11786.000000
11779.000000
11772.000000
11765.000000
11758.000000
11751.000000
11744.000000
11737.000000
11730.000000
11723.000000
11716.000000
11709.000000
11702.000000
11695.000000
11688.000000
11681.000000
11674.000000
11667.000000
11660.000000
11653.000000
11646.000000
11639.000000
11632.000000
11625.000000
11618.000000
11611.000000
11604.000000
11597.000000
11590.000000
11583.000000
11576.000000
11569.000000
11562.000000
11555.000000
11548.000000
11541.000000
11534.000000
11527.000000
11520.000000
11513.000000
11506.000000
11499.000000
11492.000000
11485.000000
11478.000000
11471.000000
11464.000000
11457.000000
11450.000000
11443.000000
11436.000000
11429.000000
11422.000000
11415.000000
11408.000000
11401.000000
11394.000000
11387.000000
11380.000000
11373.000000
11366.000000
11359.000000
11352.000000
11345.000000
11338.000000
11331.000000
11324.000000
11317.000000
11310.000000
11303.000000
11296.000000
11289.000000
11282.000000
11275.000000
11268.000000
11261.000000
11254.000000
11247.000000
11240.000000
11233.000000
11226.000000
11219.000000
11212.000000
11205.000000
11198.000000
11191.000000
11184.000000
11177.000000
11170.000000
11163.000000
11156.000000
11149.000000
11142.000000
11135.000000
11128.000000
11121.000000
11114.000000
11107.000000
11100.000000
11093.000000
11086.000000
11079.000000
11072.000000
11065.000000
11058.000000
11051.000000
11044.000000
11037.000000
11030.000000
11023.000000
11016.000000
11009.000000
11002.000000
10995.000000
10988.000000
10981.000000
10974.000000
10967.000000
10960.000000
10953.000000
10946.000000
10939.000000
10932.000000
10925.000000
10918.000000
10911.000000
10904.000000
10897.000000
10890.000000
10883.000000
10876.000000
10869.000000
10862.000000
10855.000000
10848.000000
10841.500000
10835.000000
10828.500000
10822.000000
10815.500000
10809.000000
10802.500000
10796.000000
10789.500000
10783.000000
10776.500000
10770.000000
10763.500000
10757.000000
10750.500000
10744.000000
10737.500000
10731.000000
10724.500000
10718.000000
10711.500000
10705.000000
10698.500000
10692.000000
10685.500000
10679.000000
10672.500000
10666.000000
10659.500000
10653.000000
10646.500000
10640.000000
10633.500000
10627.000000
10620.500000
10614.000000
10607.500000
10601.000000
10594.500000
10588.000000
10581.500000
10575.000000
10568.500000
10562.000000
10555.500000
10549.000000
10542.500000
10536.000000
10529.500000
10523.000000
10516.500000
10510.000000
10503.500000
10497.000000
10490.500000
10484.000000
10477.500000
10471.000000
10464.500000
10458.000000
10451.500000
10445.000000
10438.500000
10432.000000
10425.500000
10419.000000
10412.500000
10406.000000
10399.500000
10393.000000
10386.500000
10380.000000
10373.500000
10367.000000
10360.500000
10354.000000
10347.500000
10341.000000
10334.500000
10328.000000
10321.500000
10315.000000
10308.500000
10302.000000
10295.500000
10289.000000
10282.500000
10276.000000
10269.500000
10263.000000
10256.500000
10250.000000
10243.500000
10237.000000
10230.500000
10224.000000
10217.500000
10211.000000
10204.500000
10198.000000
10191.500000
10185.000000
10178.500000
10172.000000
10165.500000
10159.000000
10152.500000
10146.000000
10139.500000
10133.000000
10126.500000
10120.000000
10113.500000
10107.000000
10100.500000
10094.000000
10087.500000
10081.000000
10074.500000
10068.000000
10061.500000
10055.000000
10048.500000
10042.000000
10035.500000
10029.000000
10022.500000
10016.000000
10009.500000
10003.000000
9996.500000
9990.000000
9983.500000
9977.000000
9970.500000
9964.000000
9957.500000
9951.000000
9944.500000
9938.000000
9931.500000
9925.000000
9918.500000
9912.000000
9905.500000
9899.000000
9892.500000
9886.000000
9879.500000
9873.000000
9866.500000
9860.000000
9853.500000
9847.000000
9840.500000
9834.000000
9827.500000
9821.000000
9814.500000
9808.000000
9801.500000
9795.000000
9788.500000
9782.000000
9775.500000
9769.000000
9762.500000
9756.000000
9749.500000
9743.000000
9736.500000
9730.000000
9723.500000
9717.000000
9710.500000
9704.000000
9697.500000
9691.000000
9684.500000
9678.500000
9672.500000
9666.500000
9660.500000
9654.500000
9648.500000
9642.500000
9636.500000
9630.500000
9624.500000
9618.500000
9612.500000
9606.500000
9600.500000
9594.500000
9588.500000
9582.500000
9576.500000
9570.500000
9564.500000
9558.500000
9552.500000
9546.500000
9540.500000
9534.500000
9528.500000
9522.500000
9516.500000
9510.500000
9504.500000
9498.500000
9492.500000
9486.500000
9480.500000
9474.500000
9468.500000
9462.500000
9456.500000
9450.500000
9444.500000
9438.500000
9432.500000
9426.500000
9420.500000
9414.500000
9408.500000
9402.500000
9396.500000
9390.500000
9384.500000
9378.500000
9372.500000
9366.500000
9360.500000
9354.500000
9348.500000
9342.500000
9336.500000
9330.500000
9324.500000
9318.500000
9312.500000
9306.500000
9300.500000
9294.500000
9288.500000
9282.500000
9276.500000
9270.500000
9264.500000
9258.500000
9252.500000
9246.500000
9240.500000
9234.500000
9228.500000
9222.500000
9216.500000
9210.500000
9204.500000
9198.500000
9192.500000
9186.500000
9180.500000
9174.500000
9168.500000
9162.500000
9156.500000
9150.500000
9144.500000
9138.500000
9132.500000
9126.500000
9120.500000
9114.500000
9108.500000
9102.500000
9096.500000
9090.500000
9084.500000
9078.500000
9072.500000
9066.500000
9060.500000
9054.500000
9048.500000
9042.500000
9036.500000
9030.500000
9024.500000
9018.500000
9012.500000
9006.500000
9000.500000
8994.500000
8988.500000
8982.500000
8976.500000
8970.500000
8964.500000
8958.500000
8952.500000
8946.500000
8940.500000
8934.500000
8928.500000
8922.500000
8916.500000
8910.500000
8904.500000
8898.500000
8892.500000
8886.500000
8880.500000
8874.500000
8868.500000
8862.500000
8856.500000
8850.500000
8844.500000
8838.500000
8832.500000
8826.500000
8820.500000
8814.500000
8808.500000
8802.500000
8796.500000
8790.500000
8784.500000
8778.500000
8772.500000
8766.500000
8760.500000
8754.500000
8748.500000
8742.500000
8736.500000
8730.500000
8724.500000
8718.500000
8712.500000
8706.500000
8700.500000
8694.500000
8688.500000
8682.500000
8676.500000
8670.500000
8664.500000
8658.500000
8652.500000
8646.500000
8640.500000
8634.500000
8628.500000
8622.500000
8616.500000
8610.500000
8604.500000
8598.500000
8592.500000
8586.500000
8580.500000
8574.500000
8568.500000
8562.500000
8556.500000
8550.500000
8544.500000
8538.500000
8532.500000
8526.500000
8520.500000
8514.500000
8508.500000
8502.500000
8496.500000
8490.500000
8484.500000
8478.500000
8472.500000
8466.500000
8460.500000
8454.500000
8448.500000
8442.500000
8436.500000
8430.500000
8424.500000
8418.500000
8412.500000
8406.500000
8400.500000
8394.500000
8388.500000
8382.500000
8376.500000
8370.500000
8364.500000
8358.500000
8352.500000
8346.500000
8340.500000
8334.500000
8328.500000
8322.500000
8316.500000
8310.500000
8304.500000
8298.500000
8292.500000
8286.500000
8280.500000
8274.500000
8268.500000
8262.500000
8256.500000
8250.500000
8244.500000
8238.500000
8232.500000
8226.500000
8220.500000
8214.500000
8209.000000
8203.500000
8198.000000
8192.500000
8187.000000
8181.500000
8176.000000
8170.500000
8165.000000
8159.500000
8154.000000
8148.500000
8143.000000
8137.500000
8132.000000
8126.500000
8121.000000
8115.500000
8110.000000
8104.500000
8099.000000
8093.500000
8088.000000
8082.500000
8077.000000
8071.500000
8066.000000
8060.500000
8055.000000
8049.500000
8044.000000
8038.500000
8033.000000
8027.500000
8022.000000
8016.500000
8011.000000
8005.500000
8000.000000
7994.500000
7989.000000
7983.500000
7978.000000
7972.500000
7967.000000
7961.500000
7956.000000
7950.500000
7945.000000
7939.500000
7934.000000
7928.500000
7923.000000
7917.500000
7912.000000
7906.500000
7901.000000
7895.500000
7890.000000
7884.500000
7879.000000
7873.500000
7868.000000
7862.500000
7857.000000
7851.500000
7846.000000
7840.500000
7835.000000
7829.500000
7824.000000
7818.500000
7813.000000
7807.500000
7802.000000
7796.500000
7791.000000
7785.500000
7780.000000
7774.500000
7769.000000
7763.500000
7758.000000
7752.500000
7747.000000
7741.500000
7736.000000
7730.500000
7725.000000
7719.500000
7714.000000
7708.500000
7703.000000
7697.500000
7692.000000
7686.500000
7681.000000
7675.500000
7670.000000
7664.500000
7659.000000
7653.500000
7648.000000
7642.500000
7637.000000
7631.500000
7626.000000
7620.500000
7615.000000
7609.500000
7604.000000
7598.500000
7593.000000
7587.500000
7582.000000
7576.500000
7571.000000
7565.500000
7560.000000
7554.500000
7549.000000
7543.500000
7538.000000
7532.500000
7527.000000
7521.500000
7516.000000
7510.500000
7505.000000
7499.500000
7494.000000
7488.500000
7483.000000
7477.500000
7472.000000
7466.500000
7461.000000
7455.500000
7450.000000
7444.500000
7439.000000
7433.500000
7428.000000
7422.500000
7417.000000
7411.500000
7406.000000
7400.500000
7395.000000
7389.500000
7384.000000
7378.500000
7373.000000
7367.500000
7362.000000
7356.500000
7351.000000
7345.500000
7340.000000
7334.500000
7329.000000
7323.500000
7318.000000
7312.500000
7307.000000
7301.500000
7296.000000
7290.500000
7285.000000
7279.500000
7274.000000
7268.500000
7263.000000
7257.500000
7252.000000
7246.500000
7241.000000
7235.500000
7230.000000
7224.500000
7219.000000
7213.500000
7208.000000
7202.500000
7197.000000
7191.500000
7186.000000
7180.500000
7175.000000
7169.500000
7164.000000
7158.500000
7153.000000
7147.500000
7142.000000
7136.500000
7131.000000
7125.500000
7120.000000
7114.500000
7109.000000
7103.500000
7098.000000
7092.500000
7087.000000
7081.500000
7076.000000
7070.500000
7065.000000
7059.500000
7054.000000
7048.500000
7043.000000
7037.500000
7032.000000
7026.500000
7021.000000
7015.500000
7010.000000
7004.500000
6999.000000
6993.500000
6988.000000
6982.500000
6977.000000
6971.500000
6966.000000
6960.500000
6955.000000
6949.500000
6944.000000
6938.500000
6933.000000
6927.500000
6922.000000
6916.500000
6911.000000
6905.500000
6900.000000
6894.500000
6889.000000
6883.500000
6878.000000
6872.500000
6867.000000
6861.500000
6856.000000
6850.500000
6845.000000
6839.500000
6834.000000
6828.500000
6823.000000
6817.500000
6812.000000
6806.500000
6801.000000
6795.500000
6790.000000
6784.500000
6779.000000
6773.500000
6768.000000
6762.500000
6757.000000
6751.500000
6746.000000
6740.500000
6735.000000
6729.500000
6724.000000
6718.500000
6713.500000
6708.500000
6703.500000
6698.500000
6693.500000
6688.500000
6683.500000
6678.500000
6673.500000
6668.500000
6663.500000
6658.500000
6653.500000
6648.500000
6643.500000
6638.500000
6633.500000
6628.500000
6623.500000
6618.500000
6613.500000
6608.500000
6603.500000
6598.500000
6593.500000
6588.500000
6583.500000
6578.500000
6573.500000
6568.500000
6563.500000
6558.500000
6553.500000
6548.500000
6543.500000
6538.500000
6533.500000
6528.500000
6523.500000
6518.500000
6513.500000
6508.500000
6503.500000
6498.500000
6493.500000
6488.500000
6483.500000
6478.500000
6473.500000
6468.500000
6463.500000
6458.500000
6453.500000
6448.500000
6443.500000
6438.500000
6433.500000
6428.500000
6423.500000
6418.500000
6413.500000
6408.500000
6403.500000
6398.500000
6393.500000
6388.500000
6383.500000
6378.500000
6373.500000
6368.500000
6363.500000
6358.500000
6353.500000
6348.500000
6343.500000
6338.500000
6333.500000
6328.500000
6323.500000
6318.500000
6313.500000
6308.500000
6303.500000
6298.500000
6293.500000
6288.500000
6283.500000
6278.500000
6273.500000
6268.500000
6263.500000
6258.500000
6253.500000
6248.500000
6243.500000
6238.500000
6233.500000
6228.500000
6223.500000
6218.500000
6213.500000
6208.500000
6203.500000
6198.500000
6193.500000
6188.500000
6183.500000
6178.500000
6173.500000
6168.500000
6163.500000
6158.500000
6153.500000
6148.500000
6143.500000
6138.500000
6133.500000
6128.500000
6123.500000
6118.500000
6113.500000
6108.500000
6103.500000
6098.500000
6093.500000
6088.500000
6083.500000
6078.500000
6073.500000
6068.500000
6063.500000
6058.500000
6053.500000
6048.500000
6043.500000
6038.500000
6033.500000
6028.500000
6023.500000
6018.500000
6013.500000
6008.500000
6003.500000
5998.500000
5993.500000
5988.500000
5983.500000
5978.500000
5973.500000
5968.500000
5963.500000
5958.500000
5953.500000
5948.500000
5943.500000
5938.500000
5933.500000
5928.500000
5923.500000
5918.500000
5913.500000
5908.500000
5903.500000
5898.500000
5893.500000
5888.500000
5883.500000
5878.500000
5873.500000
5868.500000
5863.500000
5858.500000
5853.500000
5848.500000
5843.500000
5838.500000
5833.500000
5828.500000
5823.500000
5818.500000
5813.500000
5808.500000
5803.500000
5798.500000
5793.500000
5788.500000
5783.500000
5778.500000
5773.500000
5768.500000
5763.500000
5758.500000
5753.500000
5748.500000
5743.500000
5738.500000
5733.500000
5728.500000
5723.500000
5718.500000
5713.500000
5708.500000
5703.500000
5698.500000
5693.500000
5688.500000
5683.500000
5678.500000
5673.500000
5668.500000
5663.500000
5658.500000
5653.500000
5648.500000
5643.500000
5638.500000
5633.500000
5628.500000
5623.500000
5618.500000
5613.500000
5608.500000
5603.500000
5598.500000
5593.500000
5588.500000
5583.500000
5578.500000
5573.500000
5568.500000
5563.500000
5558.500000
5553.500000
5548.500000
5543.500000
5538.500000
5533.500000
5528.500000
5523.500000
5518.500000
5513.500000
5508.500000
5503.500000
5498.500000
5493.500000
5488.500000
5483.500000
5478.500000
5473.500000
5468.500000
5463.500000
5458.500000
5453.500000
5448.500000
5443.500000
5438.500000
5433.500000
5428.500000
5423.500000
5418.500000
5413.500000
5408.500000
5403.500000
5398.500000
5393.500000
5388.500000
5383.500000
5378.500000
5373.500000
5368.500000
5363.500000
5358.500000
5353.500000
5348.500000
5343.500000
5338.500000
5333.500000
5328.500000
5323.500000
5318.500000
5313.500000
5308.500000
5303.500000
5298.500000
5293.500000
5288.500000
5283.500000
5278.500000
5273.500000
5268.500000
5263.500000
5258.500000
5253.500000
5248.500000
5243.500000
5239.000000
5234.500000
5230.000000
5225.500000
5221.000000
5216.500000
5212.000000
5207.500000
5203.000000
5198.500000
5194.000000
5189.500000
5185.000000
5180.500000
5176.000000
5171.500000
5167.000000
5162.500000
5158.000000
5153.500000
5149.000000
5144.500000
5140.000000
5135.500000
5131.000000
5126.500000
5122.000000
5117.500000
5113.000000
5108.500000
5104.000000
5099.500000
5095.000000
5090.500000
5086.000000
5081.500000
5077.000000
5072.500000
5068.000000
5063.500000
5059.000000
5054.500000
5050.000000
5045.500000
5041.000000
5036.500000
5032.000000
5027.500000
5023.000000
5018.500000
5014.000000
5009.500000
5005.000000
5000.500000
4996.000000
4991.500000
4987.000000
4982.500000
4978.000000
4973.500000
4969.000000
4964.500000
4960.000000
4955.500000
4951.000000
4946.500000
4942.000000
4937.500000
4933.000000
4928.500000
4924.000000
4919.500000
4915.000000
4910.500000
4906.000000
4901.500000
4897.000000
4892.500000
4888.000000
4883.500000
4879.000000
4874.500000
4870.000000
4865.500000
4861.000000
4856.500000
4852.000000
4847.500000
4843.000000
4838.500000
4834.000000
4829.500000
4825.000000
4820.500000
4816.000000
4811.500000
4807.000000
4802.500000
4798.000000
4793.500000
4789.000000
4784.500000
4780.000000
4775.500000
4771.000000
4766.500000
4762.000000
4757.500000
4753.000000
4748.500000
4744.000000
4739.500000
4735.000000
4730.500000
4726.000000
4721.500000
4717.000000
4712.500000
4708.000000
4703.500000
4699.000000
4694.500000
4690.000000
4685.500000
4681.000000
4676.500000
4672.000000
4667.500000
4663.000000
4658.500000
4654.000000
4649.500000
4645.000000
4640.500000
4636.000000
4631.500000
4627.000000
4622.500000
4618.000000
4613.500000
4609.000000
4604.500000
4600.000000
4595.500000
4591.000000
4586.500000
4582.000000
4577.500000
4573.000000
4568.500000
4564.000000
4559.500000
4555.000000
4550.500000
4546.000000
4541.500000
4537.000000
4532.500000
4528.000000
4523.500000
4519.000000
4514.500000
4510.000000
4505.500000
4501.000000
4496.500000
4492.000000
4487.500000
4483.000000
4478.500000
4474.000000
4469.500000
4465.000000
4460.500000
4456.000000
4451.500000
4447.000000
4442.500000
4438.000000
4433.500000
4429.000000
4424.500000
4420.000000
4415.500000
4411.000000
4406.500000
4402.000000
4397.500000
4393.000000
4388.500000
4384.000000
4379.500000
4375.000000
4370.500000
4366.000000
4361.500000
4357.000000
4352.500000
4348.000000
4343.500000
4339.000000
4334.500000
4330.000000
4325.500000
4321.000000
4316.500000
4312.000000
4307.500000
4303.000000
4298.500000
4294.000000
4289.500000
4285.000000
4280.500000
4276.000000
4271.500000
4267.000000
4262.500000
4258.000000
4253.500000
4249.000000
4244.500000
4240.000000
4235.500000
4231.000000
4226.500000
4222.000000
4217.500000
4213.000000
4208.500000
4204.000000
4199.500000
4195.000000
4190.500000
4186.000000
4181.500000
4177.000000
4172.500000
4168.000000
4163.500000
4159.000000
4154.500000
4150.000000
4145.500000
4141.000000
4136.500000
4132.000000
4127.500000
4123.000000
4118.500000
4114.000000
4109.500000
4105.000000
4100.500000
4096.000000
4091.500000
4087.000000
4082.500000
4078.000000
4073.500000
4069.000000
4064.500000
4060.000000
4055.500000
4051.000000
4046.500000
4042.000000
4037.500000
4033.000000
4028.500000
4024.000000
4019.500000
4015.000000
4010.500000
4006.000000
4001.500000
3997.000000
3992.500000
3988.000000
3983.500000
3979.000000
3974.500000
3970.000000
3965.500000
3961.000000
3956.500000
3952.000000
3947.500000
3943.000000
3938.500000
3934.000000
3929.500000
3925.000000
3920.500000
3916.000000
3911.500000
3907.000000
3902.500000
3898.000000
3893.500000
3889.000000
3884.500000
3880.000000
3875.500000
3871.000000
3866.500000
3862.000000
3857.500000
3853.000000
3848.500000
3844.000000
3839.500000
3835.000000
3830.500000
3826.000000
3821.500000
3817.000000
3812.500000
3808.000000
3803.500000
3799.000000
3794.500000
3790.000000
3785.500000
3781.000000
3776.500000
3772.000000
3767.500000
3763.000000
3758.500000
3754.000000
3749.500000
3745.000000
3740.500000
3736.000000
3731.500000
3727.000000
3722.500000
3718.000000
3713.500000
3709.000000
3704.500000
3700.000000
3695.500000
3691.000000
3686.500000
3682.000000
3677.500000
3673.000000
3668.500000
3664.000000
3659.500000
3655.000000
3650.500000
3646.000000
3641.500000
3637.000000
3632.500000
3628.000000
3623.500000
3619.000000
3614.500000
3610.000000
3605.500000
3601.000000
3596.500000
3592.000000
3587.500000
3583.000000
3578.500000
3574.000000
3569.500000
3565.000000
3560.500000
3556.000000
3551.500000
3547.000000
3542.500000
3538.000000
3533.500000
3529.000000
3524.500000
3520.000000
3515.500000
3511.000000
3506.500000
3502.000000
3497.500000
3493.000000
3488.500000
3484.000000
3479.500000
3475.000000
3470.500000
3466.000000
3461.500000
3457.000000
3452.500000
3448.000000
3443.500000
3439.000000
3434.500000
3430.000000
3425.500000
3421.000000
3416.500000
3412.000000
3407.500000
3403.000000
3398.500000
3394.000000
3389.500000
3385.000000
3380.500000
3376.000000
3371.500000
3367.000000
3362.500000
3358.000000
3353.500000
3349.000000
3344.500000
3340.000000
3335.500000
3331.000000
3326.500000
3322.000000
3317.500000
3313.000000
3308.500000
3304.000000
3299.500000
3295.000000
3290.500000
3286.000000
3281.500000
3277.000000
3272.500000
3268.000000
3263.500000
3259.000000
3254.500000
3250.000000
3245.500000
3241.000000
3236.500000
3232.000000
3227.500000
3223.000000
3218.500000
3214.000000
3209.500000
3205.000000
3200.500000
3196.000000
3191.500000
3187.000000
3182.500000
3178.000000
3173.500000
3169.000000
3164.500000
3160.000000
3155.500000
3151.000000
3146.500000
3142.000000
3137.500000
3133.000000
3128.500000
3124.000000
3119.500000
3115.000000
3110.500000
3106.000000
3101.500000
3097.000000
3092.500000
3088.000000
3083.500000
3079.000000
3074.500000
3070.000000
3065.500000
3061.000000
3056.500000
3052.000000
3047.500000
3043.000000
3038.500000
3034.000000
3029.500000
3025.000000
3020.500000
3016.000000
3011.500000
3007.000000
3002.500000
2998.000000
2993.500000
2989.000000
2984.500000
2980.000000
2975.500000
2971.000000
2966.500000
2962.000000
2957.500000
2953.000000
2948.500000
2944.000000
2939.500000
2935.000000
2930.500000
2926.000000
2921.500000
2917.000000
2912.500000
2908.000000
2903.500000
2899.000000
2894.500000
2890.000000
2885.500000
2881.000000
2876.500000
2872.000000
2868.000000
2864.000000
2860.000000
2856.000000
2852.000000
2848.000000
2844.000000
2840.000000
2836.000000
2832.000000
2828.000000
2824.000000
2820.000000
2816.000000
2812.000000
2808.000000
2804.000000
2800.000000
2796.000000
2792.000000
2788.000000
2784.000000
2780.000000
2776.000000
2772.000000
2768.000000
2764.000000
2760.000000
2756.000000
2752.000000
2748.000000
2744.000000
2740.000000
2736.000000
2732.000000
2728.000000
2724.000000
2720.000000
2716.000000
2712.000000
2708.000000
2704.000000
2700.000000
2696.000000
2692.000000
2688.000000
2684.000000
2680.000000
2676.000000
2672.000000
2668.000000
2664.000000
2660.000000
2656.000000
2652.000000
2648.000000
2644.000000
2640.000000
2636.000000
2632.000000
2628.000000
2624.000000
2620.000000
2616.000000
2612.000000
2608.000000
2604.000000
2600.000000
2596.000000
2592.000000
2588.000000
2584.000000
2580.000000
2576.000000
2572.000000
2568.000000
2564.000000
2560.000000
2556.000000
2552.000000
2548.000000
2544.000000
2540.000000
2536.000000
2532.000000
2528.000000
2524.000000
2520.000000
2516.000000
2512.000000
2508.000000
2504.000000
2500.000000
2496.000000
2492.000000
2488.000000
2484.000000
2480.000000
2476.000000
2472.000000
2468.000000
2464.000000
2460.000000
2456.000000
2452.000000
2448.000000
2444.000000
2440.000000
2436.000000
2432.000000
2428.000000
2424.000000
2420.000000
2416.000000
2412.000000
2408.000000
2404.000000
2400.000000
2396.000000
2392.000000
2388.000000
2384.000000
2380.000000
2376.000000
2372.000000
2368.000000
2364.000000
2360.000000
2356.000000
2352.000000
2348.000000
2344.000000
2340.000000
2336.000000
2332.000000
2328.000000
2324.000000
2320.000000
2316.000000
2312.000000
2308.000000
2304.000000
2300.000000
2296.000000
2292.000000
2288.000000
2284.000000
2280.000000
2276.000000
2272.000000
2268.000000
2264.000000
2260.000000
2256.000000
2252.000000
2248.000000
2244.000000
2240.000000
2236.000000
2232.000000
2228.000000
2224.000000
2220.000000
2216.000000
2212.000000
2208.000000
2204.000000
2200.000000
2196.000000
2192.000000
2188.000000
2184.000000
2180.000000
2176.000000
2172.000000
2168.000000
2164.000000
2160.000000
2156.000000
2152.000000
2148.000000
2144.000000
2140.000000
2136.000000
2132.000000
2128.000000
2124.000000
2120.000000
2116.000000
2112.000000
2108.000000
2104.000000
2100.000000
2096.000000
2092.000000
2088.000000
2084.000000
2080.000000
2076.000000
2072.000000
2068.000000
2064.000000
2060.000000
2056.000000
2052.000000
2048.000000
2044.000000
2040.000000
2036.000000
2032.000000
2028.000000
2024.000000
2020.000000
2016.000000
2012.000000
2008.000000
2004.000000
2000.000000
1996.000000
1992.000000
1988.000000
1984.000000
1980.000000
1976.000000
1972.000000
1968.000000
1964.000000
1960.000000
1956.000000
1952.000000
1948.000000
1944.000000
1940.000000
1936.000000
1932.000000
1928.000000
1924.000000
1920.000000
1916.000000
1912.000000
1908.000000
1904.000000
1900.000000
1896.000000
1892.000000
1888.000000
1884.000000
1880.000000
1876.000000
1872.000000
1868.000000
1864.000000
1860.000000
1856.000000
1852.000000
1848.000000
1844.000000
1840.000000
1836.000000
1832.000000
1828.000000
1824.000000
1820.000000
1816.000000
1812.000000
1808.000000
1804.000000
1800.000000
1796.000000
1792.000000
1788.000000
1784.000000
1780.000000
1776.000000
1772.000000
1768.000000
1764.000000
1760.000000
1756.000000
1752.000000
1748.000000
1744.000000
1740.000000
1736.000000
1732.000000
1728.000000
1724.000000
1720.000000
1716.000000
1712.000000
1708.000000
1704.000000
1700.000000
1696.000000
1692.000000
1688.000000
1684.000000
1680.000000
1676.000000
1672.000000
1668.000000
1664.000000
1660.000000
1656.000000
1652.000000
1648.000000
1644.000000
1640.000000
1636.000000
1632.000000
1628.000000
1624.000000
1620.000000
1616.000000
1612.000000
1608.000000
1604.000000
1600.000000
1596.000000
1592.000000
1588.000000
1584.000000
1580.000000
1576.000000
1572.000000
1568.000000
1564.000000
1560.000000
1556.000000
1552.000000
1548.000000
1544.000000
1540.000000
1536.000000
1532.000000
1528.000000
1524.000000
1520.000000
1516.000000
1512.000000
1508.000000
1504.000000
1500.000000
1496.000000
1492.000000
1488.000000
1484.000000
1480.000000
1476.000000
1472.000000
1468.000000
1464.000000
1460.000000
1456.000000
1452.000000
1448.000000
1444.000000
1440.000000
1436.000000
1432.000000
1428.000000
1424.000000
1420.000000
1416.000000
1412.000000
1408.000000
1404.000000
1400.000000
1396.000000
1392.000000
1388.000000
1384.000000
1380.000000
1376.000000
1372.000000
1368.000000
1364.000000
1360.000000
1356.000000
1352.000000
1348.000000
1344.000000
1340.000000
1336.000000
1332.000000
1328.000000
1324.000000
1320.000000
1316.000000
1312.000000
1308.000000
1304.000000
1300.000000
1296.000000
1292.000000
1288.000000
1284.000000
1280.000000
1276.000000
1272.000000
1268.000000
1264.000000
1260.000000
1256.000000
1252.000000
1248.000000
1244.000000
1240.000000
1236.000000
1232.000000
1228.000000
1224.000000
1220.000000
1216.000000
1212.000000
1208.000000
1204.000000
1200.000000
1196.000000
1192.000000
1188.000000
1184.000000
1180.000000
1176.000000
1172.000000
1168.000000
1164.000000
1160.000000
1156.000000
1152.000000
1148.000000
1144.000000
1140.000000
1136.000000
1132.000000
1128.000000
1124.000000
1120.000000
1116.000000
1112.000000
1108.000000
1104.000000
1100.000000
1096.000000
1092.000000
1088.000000
1084.000000
1080.000000
1076.000000
1072.000000
1068.000000
1064.000000
1060.000000
1056.000000
1052.000000
1048.000000
1044.000000
1040.000000
1036.000000
1032.000000
1028.000000
1024.000000
1020.000000
1016.000000
1012.000000
1008.000000
1004.000000
1000.000000
996.000000
992.000000
988.000000
984.000000
980.000000
976.000000
972.000000
968.000000
964.000000
960.000000
956.000000
952.000000
948.000000
944.000000
940.000000
936.000000
932.000000
928.000000
924.000000
920.000000
916.000000
912.000000
908.000000
904.000000
900.000000
896.000000
892.000000
888.000000
884.000000
880.000000
876.000000
872.000000
868.000000
864.000000
860.000000
856.000000
852.000000
848.000000
844.000000
840.000000
836.000000
832.000000
828.000000
824.000000
820.000000
816.000000
812.000000
808.000000
804.000000
800.000000
796.000000
792.000000
788.000000
784.000000
780.000000
776.000000
772.000000
768.000000
764.000000
760.000000
756.000000
752.000000
748.000000
744.000000
740.000000
736.000000
732.000000
728.000000
724.000000
720.000000
716.000000
712.000000
708.000000
704.000000
700.000000
696.000000
692.000000
688.000000
684.000000
680.000000
676.000000
672.000000
668.000000
664.000000
660.000000
656.000000
652.000000
648.000000
644.000000
640.000000
636.000000
632.000000
628.000000
624.000000
620.000000
616.000000
612.000000
608.000000
604.000000
600.000000
596.000000
592.000000
588.000000
584.000000
580.000000
576.000000
572.000000
568.000000
564.000000
560.000000
556.000000
552.000000
548.000000
544.000000
540.000000
536.000000
532.000000
528.000000
524.000000
520.000000
516.000000
512.000000
508.000000
504.000000
500.000000
496.000000
492.000000
488.000000
484.000000
480.000000
476.000000
472.000000
468.000000
464.000000
460.000000
456.000000
452.000000
448.000000
444.000000
440.000000
436.000000
432.000000
428.000000
424.000000
420.000000
416.000000
412.500000
409.000000
405.500000
402.000000
398.500000
395.000000
391.500000
388.000000
384.500000
381.000000
377.500000
374.000000
370.500000
367.000000
363.500000
360.000000
356.500000
353.000000
349.500000
346.000000
342.500000
339.000000
335.500000
332.000000
328.500000
325.000000
321.500000
318.000000
314.500000
311.000000
307.500000
304.000000
300.500000
297.000000
293.500000
290.000000
286.500000
283.000000
279.500000
276.000000
272.500000
269.000000
265.500000
262.000000
258.500000
255.000000
251.500000
248.000000
244.500000
241.000000
237.500000
234.000000
230.500000
227.000000
223.500000
220.000000
216.500000
213.000000
209.500000
206.000000
202.500000
199.000000
195.500000
192.000000
188.500000
185.000000
181.500000
178.000000
174.500000
171.000000
167.500000
164.000000
160.500000
157.000000
153.500000
150.000000
146.500000
143.000000
139.500000
136.000000
132.500000
129.000000
125.500000
122.000000
118.500000
115.000000
111.500000
108.000000
104.500000
101.000000
97.500000
94.000000
90.500000
87.000000
83.500000
80.000000
76.500000
73.000000
69.500000
66.000000
62.500000
59.000000
55.500000
52.000000
48.500000
45.000000
41.500000
38.000000
34.500000
31.000000
27.500000
24.000000
20.500000
17.000000
13.500000
10.000000
6.500000
3.000000
